
;NB_triplets
Nb triplets;49251

;NB_o
Nb "o";22185

;NB_s
Nb "s";14637

;NB_p
nb "p";6

;ID;NAME;NB
Nb "p" links distribution;"P54";NULL;23357
Nb "p" links distribution;"P569";NULL;14907
Nb "p" links distribution;"P570";NULL;9575
Nb "p" links distribution;"P26";NULL;1031
Nb "p" links distribution;"P108";NULL;326
Nb "p" links distribution;"P286";NULL;55

;TYPE;CONFLICT_CODE;NB
Nb conflicts distribution;"C8";NULL;70126
Nb conflicts distribution;"C0";NULL;74800
Nb conflicts distribution;"C6";NULL;1216
Nb conflicts distribution;"C14";NULL;3112
Nb conflicts distribution;"C3";NULL;130
Nb conflicts distribution;"C2";NULL;119
Nb conflicts distribution;"C1";NULL;318
Nb conflicts distribution;"C7";NULL;595
Nb conflicts distribution;"C16";NULL;21
Nb conflicts distribution;"C19";NULL;517
Nb conflicts distribution;"C4";NULL;191
Nb conflicts distribution;"C17";NULL;5

;NB_pCon;NB_pConpInc;NB_pInc;NB_tInc;NB_total
Nb temporal conflicts;0;0;0;0;0

;o_ID;NB
Distribution of linked "o";"Q314851";289
Distribution of linked "o";"Q1277549";254
Distribution of linked "o";"Q2016992";216
Distribution of linked "o";"Q47774";203
Distribution of linked "o";"Q316497";201
Distribution of linked "o";"Q4512";193
Distribution of linked "o";"Q324854";185
Distribution of linked "o";"Q43310";174
Distribution of linked "o";"Q1450557";124
Distribution of linked "o";"Q204238";118
Distribution of linked "o";"Q132885";112
Distribution of linked "o";"Q319699";112
Distribution of linked "o";"Q495299";101
Distribution of linked "o";"Q514714";99
Distribution of linked "o";"Q1344163";98
Distribution of linked "o";"Q42267";98
Distribution of linked "o";"Q47762";98
Distribution of linked "o";"Q181930";94
Distribution of linked "o";"Q499616";93
Distribution of linked "o";"Q1202759";92
Distribution of linked "o";"Q104761";91
Distribution of linked "o";"Q1129595";89
Distribution of linked "o";"Q822990";86
Distribution of linked "o";"Q1543";85
Distribution of linked "o";"Q922698";84
Distribution of linked "o";"Q105254";83
Distribution of linked "o";"Q9617";83
Distribution of linked "o";"Q1450568";82
Distribution of linked "o";"Q189671";82
Distribution of linked "o";"Q5794";79
Distribution of linked "o";"Q15789";77
Distribution of linked "o";"Q678582";77
Distribution of linked "o";"Q3589784";75
Distribution of linked "o";"Q113136";75
Distribution of linked "o";"Q2713491";75
Distribution of linked "o";"Q18739";75
Distribution of linked "o";"Q631";74
Distribution of linked "o";"20000101";73
Distribution of linked "o";"Q102720";71
Distribution of linked "o";"Q3873550";70
Distribution of linked "o";"Q1811026";70
Distribution of linked "o";"Q1422";69
Distribution of linked "o";"Q33748";69
Distribution of linked "o";"Q2714";68
Distribution of linked "o";"Q676899";67
Distribution of linked "o";"Q104770";66
Distribution of linked "o";"Q2701714";66
Distribution of linked "o";"Q83459";64
Distribution of linked "o";"Q18716";64
Distribution of linked "o";"Q51976";63
Distribution of linked "o";"Q267245";63
Distribution of linked "o";"Q2739";62
Distribution of linked "o";"Q18741";61
Distribution of linked "o";"Q152424";60
Distribution of linked "o";"Q483020";60
Distribution of linked "o";"Q601723";60
Distribution of linked "o";"Q208399";59
Distribution of linked "o";"Q1130849";58
Distribution of linked "o";"Q899189";57
Distribution of linked "o";"Q38245";57
Distribution of linked "o";"Q8701";57
Distribution of linked "o";"Q302977";56
Distribution of linked "o";"Q18708";56
Distribution of linked "o";"Q698702";55
Distribution of linked "o";"Q303033";55
Distribution of linked "o";"Q3873548";54
Distribution of linked "o";"Q201360";53
Distribution of linked "o";"Q6601875";53
Distribution of linked "o";"Q3590033";52
Distribution of linked "o";"Q9616";52
Distribution of linked "o";"Q1202768";51
Distribution of linked "o";"Q158121";51
Distribution of linked "o";"Q172476";51
Distribution of linked "o";"Q1202757";51
Distribution of linked "o";"Q8466";51
Distribution of linked "o";"Q2768";51
Distribution of linked "o";"Q2356290";51
Distribution of linked "o";"Q17354166";50
Distribution of linked "o";"Q106394";49
Distribution of linked "o";"Q331650";49
Distribution of linked "o";"Q22707";49
Distribution of linked "o";"Q2358861";49
Distribution of linked "o";"Q1630430";49
Distribution of linked "o";"Q6502565";48
Distribution of linked "o";"Q212269";48
Distribution of linked "o";"Q7156";48
Distribution of linked "o";"Q3873525";48
Distribution of linked "o";"Q79800";48
Distribution of linked "o";"Q2752922";47
Distribution of linked "o";"Q8682";46
Distribution of linked "o";"Q105853";45
Distribution of linked "o";"Q193481";45
Distribution of linked "o";"Q279043";45
Distribution of linked "o";"Q693951";44
Distribution of linked "o";"Q2308235";43
Distribution of linked "o";"Q168397";43
Distribution of linked "o";"Q182876";42
Distribution of linked "o";"Q204888";42
Distribution of linked "o";"Q34044";42
Distribution of linked "o";"Q204204";42
Distribution of linked "o";"Q170125";41
Distribution of linked "o";"Q310608";41
Distribution of linked "o";"Q704";41
Distribution of linked "o";"Q18723";40
Distribution of linked "o";"Q501693";40
Distribution of linked "o";"Q289112";40
Distribution of linked "o";"Q131209";40
Distribution of linked "o";"Q19597";40
Distribution of linked "o";"Q1772776";40
Distribution of linked "o";"Q8760";40
Distribution of linked "o";"Q1812121";39
Distribution of linked "o";"Q163534";39
Distribution of linked "o";"Q80964";39
Distribution of linked "o";"Q194393";39
Distribution of linked "o";"Q845137";39
Distribution of linked "o";"Q3873524";39
Distribution of linked "o";"Q4140019";39
Distribution of linked "o";"Q2341011";39
Distribution of linked "o";"Q190978";39
Distribution of linked "o";"Q204675";38
Distribution of linked "o";"Q15786";38
Distribution of linked "o";"Q41420";38
Distribution of linked "o";"Q155186";38
Distribution of linked "o";"Q2637337";38
Distribution of linked "o";"Q543842";38
Distribution of linked "o";"Q1969256";38
Distribution of linked "o";"Q994701";37
Distribution of linked "o";"Q3873513";37
Distribution of linked "o";"Q2609";37
Distribution of linked "o";"Q166196";37
Distribution of linked "o";"Q105844";37
Distribution of linked "o";"Q2331381";37
Distribution of linked "o";"Q134479";37
Distribution of linked "o";"Q19604";37
Distribution of linked "o";"Q29103";37
Distribution of linked "o";"Q2310295";37
Distribution of linked "o";"Q1624749";37
Distribution of linked "o";"Q48951";37
Distribution of linked "o";"Q18747";36
Distribution of linked "o";"Q2052";36
Distribution of linked "o";"Q18656";36
Distribution of linked "o";"Q32494";36
Distribution of linked "o";"Q19521";36
Distribution of linked "o";"Q2819143";36
Distribution of linked "o";"Q1202771";35
Distribution of linked "o";"Q304146";35
Distribution of linked "o";"Q730809";35
Distribution of linked "o";"Q19509";35
Distribution of linked "o";"Q157463";34
Distribution of linked "o";"Q2693";34
Distribution of linked "o";"Q19490";34
Distribution of linked "o";"Q153535";34
Distribution of linked "o";"Q748445";34
Distribution of linked "o";"Q131499";34
Distribution of linked "o";"Q218372";33
Distribution of linked "o";"Q2641";33
Distribution of linked "o";"Q101859";33
Distribution of linked "o";"Q2798";33
Distribution of linked "o";"Q190561";33
Distribution of linked "o";"Q749138";33
Distribution of linked "o";"Q107818";33
Distribution of linked "o";"Q50602";33
Distribution of linked "o";"Q223262";33
Distribution of linked "o";"Q47050";33
Distribution of linked "o";"Q488454";33
Distribution of linked "o";"Q35933";32
Distribution of linked "o";"Q506832";32
Distribution of linked "o";"Q302967";32
Distribution of linked "o";"Q161034";32
Distribution of linked "o";"Q19477";32
Distribution of linked "o";"Q1128631";32
Distribution of linked "o";"Q15799";32
Distribution of linked "o";"Q16845355";32
Distribution of linked "o";"Q19453";32
Distribution of linked "o";"Q141882";31
Distribution of linked "o";"Q498536";31
Distribution of linked "o";"19440101";31
Distribution of linked "o";"Q822021";31
Distribution of linked "o";"Q1270152";31
Distribution of linked "o";"Q19500";31
Distribution of linked "o";"Q165141";31
Distribution of linked "o";"Q1023185";31
Distribution of linked "o";"Q187528";31
Distribution of linked "o";"Q2331232";30
Distribution of linked "o";"Q11938";30
Distribution of linked "o";"Q10467";30
Distribution of linked "o";"Q270995";30
Distribution of linked "o";"Q1195647";30
Distribution of linked "o";"19450101";30
Distribution of linked "o";"Q81888";30
Distribution of linked "o";"Q28089";30
Distribution of linked "o";"Q19467";30
Distribution of linked "o";"Q1775265";30
Distribution of linked "o";"Q849823";29
Distribution of linked "o";"Q15755";29
Distribution of linked "o";"Q170561";29
Distribution of linked "o";"Q1754506";29
Distribution of linked "o";"Q1322550";29
Distribution of linked "o";"Q1156317";29
Distribution of linked "o";"Q2347256";29
Distribution of linked "o";"Q2627402";28
Distribution of linked "o";"Q38568";28
Distribution of linked "o";"Q1110944";28
Distribution of linked "o";"Q19451";28
Distribution of linked "o";"Q18744";28
Distribution of linked "o";"Q665920";28
Distribution of linked "o";"Q865720";28
Distribution of linked "o";"Q3873503";28
Distribution of linked "o";"Q211401";28
Distribution of linked "o";"Q3873511";28
Distribution of linked "o";"Q1894039";28
Distribution of linked "o";"Q605055";28
Distribution of linked "o";"Q483868";28
Distribution of linked "o";"Q918209";28
Distribution of linked "o";"Q153539";27
Distribution of linked "o";"Q274465";27
Distribution of linked "o";"Q131215";27
Distribution of linked "o";"15000101";27
Distribution of linked "o";"Q107421";27
Distribution of linked "o";"19430101";27
Distribution of linked "o";"Q575370";27
Distribution of linked "o";"Q2476133";27
Distribution of linked "o";"Q3590024";27
Distribution of linked "o";"Q2266580";26
Distribution of linked "o";"Q249662";26
Distribution of linked "o";"Q155218";26
Distribution of linked "o";"Q920294";26
Distribution of linked "o";"Q159936";26
Distribution of linked "o";"Q479351";26
Distribution of linked "o";"Q19444";26
Distribution of linked "o";"Q1049171";26
Distribution of linked "o";"Q1672798";26
Distribution of linked "o";"Q1998181";26
Distribution of linked "o";"Q482449";26
Distribution of linked "o";"Q19481";25
Distribution of linked "o";"Q154293";25
Distribution of linked "o";"Q218282";25
Distribution of linked "o";"Q1464421";25
Distribution of linked "o";"Q495929";25
Distribution of linked "o";"Q8806";25
Distribution of linked "o";"19650101";24
Distribution of linked "o";"Q12249";24
Distribution of linked "o";"Q173009";24
Distribution of linked "o";"Q4201740";24
Distribution of linked "o";"Q18711";24
Distribution of linked "o";"Q203573";24
Distribution of linked "o";"Q4122219";24
Distribution of linked "o";"Q134916";24
Distribution of linked "o";"Q9426";24
Distribution of linked "o";"Q18521";24
Distribution of linked "o";"Q182740";24
Distribution of linked "o";"19630101";23
Distribution of linked "o";"Q19593";23
Distribution of linked "o";"Q209509";23
Distribution of linked "o";"Q221695";23
Distribution of linked "o";"Q188363";23
Distribution of linked "o";"Q18736";23
Distribution of linked "o";"Q769512";23
Distribution of linked "o";"Q1389147";23
Distribution of linked "o";"Q141931";23
Distribution of linked "o";"Q332664";23
Distribution of linked "o";"Q137499";23
Distribution of linked "o";"Q3446766";23
Distribution of linked "o";"Q155730";23
Distribution of linked "o";"Q19578";23
Distribution of linked "o";"Q128148";23
Distribution of linked "o";"Q221671";23
Distribution of linked "o";"Q19573";23
Distribution of linked "o";"Q208406";23
Distribution of linked "o";"Q377953";23
Distribution of linked "o";"Q206838";22
Distribution of linked "o";"Q207441";22
Distribution of linked "o";"19620101";22
Distribution of linked "o";"Q854932";22
Distribution of linked "o";"Q161554";22
Distribution of linked "o";"19510101";22
Distribution of linked "o";"Q166776";22
Distribution of linked "o";"Q692586";22
Distribution of linked "o";"19530101";22
Distribution of linked "o";"19410101";22
Distribution of linked "o";"Q19353";22
Distribution of linked "o";"19490101";22
Distribution of linked "o";"Q1049176";22
Distribution of linked "o";"Q15809115";22
Distribution of linked "o";"Q22866";22
Distribution of linked "o";"Q1770361";22
Distribution of linked "o";"Q185163";22
Distribution of linked "o";"Q847587";22
Distribution of linked "o";"Q218334";21
Distribution of linked "o";"Q2387559";21
Distribution of linked "o";"Q151747";21
Distribution of linked "o";"Q2175909";21
Distribution of linked "o";"Q170566";21
Distribution of linked "o";"Q8823";21
Distribution of linked "o";"Q10308";21
Distribution of linked "o";"Q459090";21
Distribution of linked "o";"Q5113698";21
Distribution of linked "o";"Q845859";21
Distribution of linked "o";"Q154408";21
Distribution of linked "o";"Q1202764";21
Distribution of linked "o";"Q18721";21
Distribution of linked "o";"19690101";21
Distribution of linked "o";"Q750437";21
Distribution of linked "o";"Q582423";21
Distribution of linked "o";"Q181190";21
Distribution of linked "o";"Q752278";21
Distribution of linked "o";"Q6651";20
Distribution of linked "o";"Q287129";20
Distribution of linked "o";"Q321061";20
Distribution of linked "o";"Q302954";20
Distribution of linked "o";"19550101";20
Distribution of linked "o";"Q265570";20
Distribution of linked "o";"Q737049";20
Distribution of linked "o";"Q105861";20
Distribution of linked "o";"Q323815";20
Distribution of linked "o";"19680101";20
Distribution of linked "o";"Q157464";20
Distribution of linked "o";"Q3589884";20
Distribution of linked "o";"Q3873546";20
Distribution of linked "o";"Q19513";20
Distribution of linked "o";"Q849179";20
Distribution of linked "o";"19670101";19
Distribution of linked "o";"Q268776";19
Distribution of linked "o";"Q641373";19
Distribution of linked "o";"Q8749";19
Distribution of linked "o";"Q3063059";19
Distribution of linked "o";"19640101";19
Distribution of linked "o";"19460101";19
Distribution of linked "o";"19600101";19
Distribution of linked "o";"Q4965058";19
Distribution of linked "o";"Q6463";19
Distribution of linked "o";"Q162251";19
Distribution of linked "o";"Q605756";19
Distribution of linked "o";"Q19607";19
Distribution of linked "o";"Q646135";19
Distribution of linked "o";"Q19601";19
Distribution of linked "o";"Q10300";19
Distribution of linked "o";"Q666430";19
Distribution of linked "o";"Q221882";19
Distribution of linked "o";"Q318307";19
Distribution of linked "o";"Q2299795";19
Distribution of linked "o";"Q460448";19
Distribution of linked "o";"Q4127955";19
Distribution of linked "o";"Q101959";18
Distribution of linked "o";"Q19498";18
Distribution of linked "o";"19420101";18
Distribution of linked "o";"19300101";18
Distribution of linked "o";"19590101";18
Distribution of linked "o";"19470101";18
Distribution of linked "o";"Q9164911";18
Distribution of linked "o";"19750101";18
Distribution of linked "o";"Q3736767";18
Distribution of linked "o";"Q19518";18
Distribution of linked "o";"Q608122";18
Distribution of linked "o";"Q1780231";18
Distribution of linked "o";"Q162450";18
Distribution of linked "o";"Q1202762";18
Distribution of linked "o";"Q154053";18
Distribution of linked "o";"19360101";18
Distribution of linked "o";"Q6664";18
Distribution of linked "o";"Q3963603";18
Distribution of linked "o";"Q51974";18
Distribution of linked "o";"19500101";18
Distribution of linked "o";"Q459929";18
Distribution of linked "o";"Q19470";18
Distribution of linked "o";"Q666289";18
Distribution of linked "o";"Q633521";18
Distribution of linked "o";"Q1207150";18
Distribution of linked "o";"Q200321";18
Distribution of linked "o";"Q266962";18
Distribution of linked "o";"Q1270133";18
Distribution of linked "o";"Q10329";18
Distribution of linked "o";"Q571158";18
Distribution of linked "o";"Q244874";17
Distribution of linked "o";"Q3873502";17
Distribution of linked "o";"Q219120";17
Distribution of linked "o";"Q1047535";17
Distribution of linked "o";"Q187326";17
Distribution of linked "o";"Q16344";17
Distribution of linked "o";"Q206692";17
Distribution of linked "o";"Q1457";17
Distribution of linked "o";"Q80987";17
Distribution of linked "o";"Q17228";17
Distribution of linked "o";"Q128446";17
Distribution of linked "o";"19710101";17
Distribution of linked "o";"Q189198";17
Distribution of linked "o";"Q920263";17
Distribution of linked "o";"19540101";17
Distribution of linked "o";"19480101";17
Distribution of linked "o";"Q2074";17
Distribution of linked "o";"19760101";17
Distribution of linked "o";"Q170105";17
Distribution of linked "o";"Q160530";17
Distribution of linked "o";"Q696474";17
Distribution of linked "o";"Q877411";17
Distribution of linked "o";"Q383196";17
Distribution of linked "o";"Q325249";17
Distribution of linked "o";"Q7855168";17
Distribution of linked "o";"Q208635";17
Distribution of linked "o";"Q639560";17
Distribution of linked "o";"Q134241";17
Distribution of linked "o";"Q4709058";17
Distribution of linked "o";"Q732002";17
Distribution of linked "o";"Q330148";17
Distribution of linked "o";"Q815515";17
Distribution of linked "o";"Q219926";17
Distribution of linked "o";"Q17497";17
Distribution of linked "o";"Q73971";17
Distribution of linked "o";"Q824450";17
Distribution of linked "o";"Q1095113";17
Distribution of linked "o";"Q1187790";17
Distribution of linked "o";"19400101";16
Distribution of linked "o";"Q189275";16
Distribution of linked "o";"19520101";16
Distribution of linked "o";"Q2533263";16
Distribution of linked "o";"Q390230";16
Distribution of linked "o";"Q162317";16
Distribution of linked "o";"Q3589896";16
Distribution of linked "o";"19720101";16
Distribution of linked "o";"Q1201992";16
Distribution of linked "o";"19660101";16
Distribution of linked "o";"19560101";16
Distribution of linked "o";"Q726080";16
Distribution of linked "o";"Q162364";16
Distribution of linked "o";"Q160826";16
Distribution of linked "o";"Q131603";16
Distribution of linked "o";"Q19603";16
Distribution of linked "o";"Q1463828";16
Distribution of linked "o";"Q5423714";16
Distribution of linked "o";"Q686826";16
Distribution of linked "o";"Q163547";16
Distribution of linked "o";"Q3590639";16
Distribution of linked "o";"Q186268";16
Distribution of linked "o";"Q844238";16
Distribution of linked "o";"Q483856";16
Distribution of linked "o";"Q626917";16
Distribution of linked "o";"Q757098";16
Distribution of linked "o";"Q3241303";16
Distribution of linked "o";"Q10383";16
Distribution of linked "o";"18900101";15
Distribution of linked "o";"19090101";15
Distribution of linked "o";"Q180305";15
Distribution of linked "o";"Q4825450";15
Distribution of linked "o";"19370101";15
Distribution of linked "o";"Q586787";15
Distribution of linked "o";"Q211177";15
Distribution of linked "o";"Q5985726";15
Distribution of linked "o";"Q204237";15
Distribution of linked "o";"Q157352";15
Distribution of linked "o";"Q134925";15
Distribution of linked "o";"19280101";15
Distribution of linked "o";"19580101";15
Distribution of linked "o";"Q19651";15
Distribution of linked "o";"Q15224541";15
Distribution of linked "o";"18890101";15
Distribution of linked "o";"19390101";15
Distribution of linked "o";"18790101";15
Distribution of linked "o";"Q566219";15
Distribution of linked "o";"Q1570132";15
Distribution of linked "o";"Q345142";15
Distribution of linked "o";"Q335195";15
Distribution of linked "o";"Q208584";15
Distribution of linked "o";"Q210530";15
Distribution of linked "o";"Q428211";15
Distribution of linked "o";"Q870291";15
Distribution of linked "o";"Q385074";15
Distribution of linked "o";"Q8723";15
Distribution of linked "o";"Q1683280";15
Distribution of linked "o";"Q931971";15
Distribution of linked "o";"Q1512943";15
Distribution of linked "o";"Q48879";15
Distribution of linked "o";"Q19580";15
Distribution of linked "o";"Q3590615";15
Distribution of linked "o";"Q612017";15
Distribution of linked "o";"Q216523";14
Distribution of linked "o";"Q8687";14
Distribution of linked "o";"Q218883";14
Distribution of linked "o";"Q497334";14
Distribution of linked "o";"Q172567";14
Distribution of linked "o";"Q6630";14
Distribution of linked "o";"Q1133475";14
Distribution of linked "o";"Q80845";14
Distribution of linked "o";"Q2868221";14
Distribution of linked "o";"Q3589828";14
Distribution of linked "o";"Q291471";14
Distribution of linked "o";"Q142005";14
Distribution of linked "o";"19330101";14
Distribution of linked "o";"19380101";14
Distribution of linked "o";"19000101";14
Distribution of linked "o";"Q352270";14
Distribution of linked "o";"Q318922";14
Distribution of linked "o";"Q152087";14
Distribution of linked "o";"Q201006";14
Distribution of linked "o";"19340101";14
Distribution of linked "o";"Q782387";14
Distribution of linked "o";"Q183326";14
Distribution of linked "o";"Q212564";14
Distribution of linked "o";"Q646596";14
Distribution of linked "o";"Q131785";14
Distribution of linked "o";"19740101";14
Distribution of linked "o";"Q170107";14
Distribution of linked "o";"Q1368064";14
Distribution of linked "o";"Q746853";14
Distribution of linked "o";"Q674799";14
Distribution of linked "o";"Q3720221";14
Distribution of linked "o";"Q512476";14
Distribution of linked "o";"Q19449";14
Distribution of linked "o";"Q2306468";14
Distribution of linked "o";"Q19516";14
Distribution of linked "o";"Q24711";14
Distribution of linked "o";"Q183468";14
Distribution of linked "o";"Q391914";14
Distribution of linked "o";"Q10319";14
Distribution of linked "o";"Q503317";14
Distribution of linked "o";"Q841245";14
Distribution of linked "o";"Q2306719";14
Distribution of linked "o";"Q3590754";14
Distribution of linked "o";"Q3568145";14
Distribution of linked "o";"Q853053";14
Distribution of linked "o";"Q239447";14
Distribution of linked "o";"Q80958";13
Distribution of linked "o";"Q762353";13
Distribution of linked "o";"Q19568";13
Distribution of linked "o";"Q2346842";13
Distribution of linked "o";"Q604589";13
Distribution of linked "o";"Q3551886";13
Distribution of linked "o";"Q186276";13
Distribution of linked "o";"Q1630613";13
Distribution of linked "o";"Q15972883";13
Distribution of linked "o";"19240101";13
Distribution of linked "o";"18980101";13
Distribution of linked "o";"18830101";13
Distribution of linked "o";"19310101";13
Distribution of linked "o";"Q210864";13
Distribution of linked "o";"Q2037";13
Distribution of linked "o";"Q164089";13
Distribution of linked "o";"18810101";13
Distribution of linked "o";"19570101";13
Distribution of linked "o";"Q701290";13
Distribution of linked "o";"Q14551982";13
Distribution of linked "o";"18860101";13
Distribution of linked "o";"Q202093";13
Distribution of linked "o";"19040101";13
Distribution of linked "o";"Q663400";13
Distribution of linked "o";"Q1270129";13
Distribution of linked "o";"Q702455";13
Distribution of linked "o";"Q291447";13
Distribution of linked "o";"Q1580781";13
Distribution of linked "o";"Q603271";13
Distribution of linked "o";"Q193377";13
Distribution of linked "o";"Q1819189";13
Distribution of linked "o";"Q781951";13
Distribution of linked "o";"Q2663386";13
Distribution of linked "o";"Q221525";13
Distribution of linked "o";"Q1476647";13
Distribution of linked "o";"Q223727";13
Distribution of linked "o";"Q1346756";13
Distribution of linked "o";"Q725367";13
Distribution of linked "o";"Q201584";13
Distribution of linked "o";"Q12308";13
Distribution of linked "o";"Q6827262";13
Distribution of linked "o";"Q4245563";13
Distribution of linked "o";"Q1065266";13
Distribution of linked "o";"Q844931";13
Distribution of linked "o";"Q482566";13
Distribution of linked "o";"Q472752";13
Distribution of linked "o";"Q7232579";13
Distribution of linked "o";"Q3303021";13
Distribution of linked "o";"Q7855039";13
Distribution of linked "o";"Q8835";13
Distribution of linked "o";"Q914086";13
Distribution of linked "o";"Q1320554";13
Distribution of linked "o";"Q4127960";13
Distribution of linked "o";"Q170117";12
Distribution of linked "o";"Q192597";12
Distribution of linked "o";"Q19487";12
Distribution of linked "o";"Q8476";12
Distribution of linked "o";"Q9653";12
Distribution of linked "o";"Q29112";12
Distribution of linked "o";"19180101";12
Distribution of linked "o";"19610101";12
Distribution of linked "o";"Q1581559";12
Distribution of linked "o";"Q645229";12
Distribution of linked "o";"Q18712540";12
Distribution of linked "o";"Q10333";12
Distribution of linked "o";"Q3589895";12
Distribution of linked "o";"Q292231";12
Distribution of linked "o";"Q274778";12
Distribution of linked "o";"13000101";12
Distribution of linked "o";"Q13385";12
Distribution of linked "o";"Q1893";12
Distribution of linked "o";"Q321669";12
Distribution of linked "o";"Q18128465";12
Distribution of linked "o";"Q332532";12
Distribution of linked "o";"Q332605";12
Distribution of linked "o";"Q597992";12
Distribution of linked "o";"19020101";12
Distribution of linked "o";"Q1971820";12
Distribution of linked "o";"Q3873545";12
Distribution of linked "o";"Q1501893";12
Distribution of linked "o";"Q639482";12
Distribution of linked "o";"Q43710";12
Distribution of linked "o";"Q12217";12
Distribution of linked "o";"Q19446";12
Distribution of linked "o";"Q659212";12
Distribution of linked "o";"Q3589775";12
Distribution of linked "o";"Q3590810";12
Distribution of linked "o";"Q8408";12
Distribution of linked "o";"Q871718";12
Distribution of linked "o";"Q19473";12
Distribution of linked "o";"Q223264";12
Distribution of linked "o";"Q7058582";12
Distribution of linked "o";"Q2017456";12
Distribution of linked "o";"Q200688";12
Distribution of linked "o";"Q7120603";12
Distribution of linked "o";"Q657451";12
Distribution of linked "o";"Q263779";12
Distribution of linked "o";"Q3061505";12
Distribution of linked "o";"Q459148";12
Distribution of linked "o";"Q325265";11
Distribution of linked "o";"Q190943";11
Distribution of linked "o";"18950101";11
Distribution of linked "o";"Q602542";11
Distribution of linked "o";"Q843210";11
Distribution of linked "o";"Q1051238";11
Distribution of linked "o";"Q1857213";11
Distribution of linked "o";"Q428047";11
Distribution of linked "o";"Q2719759";11
Distribution of linked "o";"Q639091";11
Distribution of linked "o";"Q1738143";11
Distribution of linked "o";"Q72521";11
Distribution of linked "o";"Q248188";11
Distribution of linked "o";"Q4107588";11
Distribution of linked "o";"18970101";11
Distribution of linked "o";"12000101";11
Distribution of linked "o";"Q6703";11
Distribution of linked "o";"19070101";11
Distribution of linked "o";"Q2736263";11
Distribution of linked "o";"Q510091";11
Distribution of linked "o";"Q170040";11
Distribution of linked "o";"Q1813168";11
Distribution of linked "o";"Q182072";11
Distribution of linked "o";"Q1202758";11
Distribution of linked "o";"Q692755";11
Distribution of linked "o";"19250101";11
Distribution of linked "o";"Q18662";11
Distribution of linked "o";"Q219235";11
Distribution of linked "o";"Q18661";11
Distribution of linked "o";"18940101";11
Distribution of linked "o";"Q738917";11
Distribution of linked "o";"Q2610181";11
Distribution of linked "o";"Q286490";11
Distribution of linked "o";"Q684132";11
Distribution of linked "o";"Q602326";11
Distribution of linked "o";"Q597838";11
Distribution of linked "o";"Q172803";11
Distribution of linked "o";"Q2329903";11
Distribution of linked "o";"Q734785";11
Distribution of linked "o";"Q885004";11
Distribution of linked "o";"Q666179";11
Distribution of linked "o";"Q368675";11
Distribution of linked "o";"Q10315";11
Distribution of linked "o";"Q328658";11
Distribution of linked "o";"Q757754";11
Distribution of linked "o";"Q191843";11
Distribution of linked "o";"Q492826";11
Distribution of linked "o";"Q1513287";11
Distribution of linked "o";"Q574997";11
Distribution of linked "o";"Q222877";11
Distribution of linked "o";"Q10499";11
Distribution of linked "o";"Q1199965";11
Distribution of linked "o";"Q875120";11
Distribution of linked "o";"Q1677879";11
Distribution of linked "o";"Q1575615";11
Distribution of linked "o";"Q4160534";11
Distribution of linked "o";"Q778858";11
Distribution of linked "o";"Q252008";11
Distribution of linked "o";"Q188228";11
Distribution of linked "o";"Q271574";11
Distribution of linked "o";"Q465845";11
Distribution of linked "o";"Q430993";11
Distribution of linked "o";"Q3590614";11
Distribution of linked "o";"Q3090754";11
Distribution of linked "o";"Q6417782";11
Distribution of linked "o";"Q6748";11
Distribution of linked "o";"Q2457917";11
Distribution of linked "o";"Q4260876";11
Distribution of linked "o";"Q13361030";10
Distribution of linked "o";"Q192071";10
Distribution of linked "o";"Q4140015";10
Distribution of linked "o";"Q433529";10
Distribution of linked "o";"19790101";10
Distribution of linked "o";"18670101";10
Distribution of linked "o";"Q180798";10
Distribution of linked "o";"Q188277";10
Distribution of linked "o";"Q290940";10
Distribution of linked "o";"Q189170";10
Distribution of linked "o";"Q310621";10
Distribution of linked "o";"Q161074";10
Distribution of linked "o";"Q19595";10
Distribution of linked "o";"19850101";10
Distribution of linked "o";"Q170327";10
Distribution of linked "o";"Q2674";10
Distribution of linked "o";"Q29390";10
Distribution of linked "o";"19700101";10
Distribution of linked "o";"18820101";10
Distribution of linked "o";"11000101";10
Distribution of linked "o";"19290101";10
Distribution of linked "o";"19140101";10
Distribution of linked "o";"Q285131";10
Distribution of linked "o";"18000101";10
Distribution of linked "o";"Q216032";10
Distribution of linked "o";"19780101";10
Distribution of linked "o";"18680101";10
Distribution of linked "o";"Q694464";10
Distribution of linked "o";"18630101";10
Distribution of linked "o";"Q749113";10
Distribution of linked "o";"Q1627564";10
Distribution of linked "o";"Q244317";10
Distribution of linked "o";"Q64884";10
Distribution of linked "o";"Q2255212";10
Distribution of linked "o";"Q181216";10
Distribution of linked "o";"Q297858";10
Distribution of linked "o";"Q537325";10
Distribution of linked "o";"19010101";10
Distribution of linked "o";"18870101";10
Distribution of linked "o";"Q986529";10
Distribution of linked "o";"Q6722853";10
Distribution of linked "o";"Q2446294";10
Distribution of linked "o";"Q170134";10
Distribution of linked "o";"Q1154002";10
Distribution of linked "o";"Q186262";10
Distribution of linked "o";"Q11979";10
Distribution of linked "o";"Q2658729";10
Distribution of linked "o";"Q113000";10
Distribution of linked "o";"Q723489";10
Distribution of linked "o";"Q732929";10
Distribution of linked "o";"Q316789";10
Distribution of linked "o";"Q3327940";10
Distribution of linked "o";"Q48943";10
Distribution of linked "o";"Q6954570";10
Distribution of linked "o";"Q7589708";10
Distribution of linked "o";"Q268208";10
Distribution of linked "o";"Q5315710";10
Distribution of linked "o";"Q3543925";10
Distribution of linked "o";"Q129673";10
Distribution of linked "o";"Q593708";10
Distribution of linked "o";"Q211477";10
Distribution of linked "o";"Q2138599";10
Distribution of linked "o";"Q283545";10
Distribution of linked "o";"Q7855167";10
Distribution of linked "o";"Q914169";10
Distribution of linked "o";"Q5163172";10
Distribution of linked "o";"Q1387396";10
Distribution of linked "o";"Q751994";10
Distribution of linked "o";"Q220621";10
Distribution of linked "o";"Q9306853";9
Distribution of linked "o";"Q14753120";9
Distribution of linked "o";"Q19462";9
Distribution of linked "o";"Q603394";9
Distribution of linked "o";"02000101";9
Distribution of linked "o";"Q2031858";9
Distribution of linked "o";"Q584316";9
Distribution of linked "o";"Q756695";9
Distribution of linked "o";"19230101";9
Distribution of linked "o";"Q19587";9
Distribution of linked "o";"18960101";9
Distribution of linked "o";"19100101";9
Distribution of linked "o";"Q19512";9
Distribution of linked "o";"Q7863009";9
Distribution of linked "o";"Q2272209";9
Distribution of linked "o";"Q272712";9
Distribution of linked "o";"Q742685";9
Distribution of linked "o";"Q113788";9
Distribution of linked "o";"Q1294346";9
Distribution of linked "o";"18920101";9
Distribution of linked "o";"18130101";9
Distribution of linked "o";"Q157020";9
Distribution of linked "o";"Q2205589";9
Distribution of linked "o";"19110101";9
Distribution of linked "o";"Q1061615";9
Distribution of linked "o";"Q7924284";9
Distribution of linked "o";"18660101";9
Distribution of linked "o";"19350101";9
Distribution of linked "o";"Q768253";9
Distribution of linked "o";"Q1585149";9
Distribution of linked "o";"18800101";9
Distribution of linked "o";"Q684205";9
Distribution of linked "o";"19210101";9
Distribution of linked "o";"Q666059";9
Distribution of linked "o";"Q4006951";9
Distribution of linked "o";"Q959341";9
Distribution of linked "o";"Q15222365";9
Distribution of linked "o";"Q352251";9
Distribution of linked "o";"Q1067750";9
Distribution of linked "o";"Q172221";9
Distribution of linked "o";"Q325195";9
Distribution of linked "o";"Q216459";9
Distribution of linked "o";"Q1726461";9
Distribution of linked "o";"Q239663";9
Distribution of linked "o";"Q6750620";9
Distribution of linked "o";"Q4923485";9
Distribution of linked "o";"Q999035";9
Distribution of linked "o";"Q2570033";9
Distribution of linked "o";"Q819354";9
Distribution of linked "o";"Q2106369";9
Distribution of linked "o";"Q3658577";9
Distribution of linked "o";"Q2259417";9
Distribution of linked "o";"Q749589";9
Distribution of linked "o";"Q994811";9
Distribution of linked "o";"Q727147";9
Distribution of linked "o";"Q9173213";9
Distribution of linked "o";"Q23058207";9
Distribution of linked "o";"Q959086";9
Distribution of linked "o";"Q296050";9
Distribution of linked "o";"Q6954562";9
Distribution of linked "o";"Q7009120";9
Distribution of linked "o";"Q18526";9
Distribution of linked "o";"Q1152000";9
Distribution of linked "o";"Q1418838";9
Distribution of linked "o";"Q42104";9
Distribution of linked "o";"Q18527";9
Distribution of linked "o";"Q490586";9
Distribution of linked "o";"Q3873527";9
Distribution of linked "o";"Q23925713";9
Distribution of linked "o";"Q19592";9
Distribution of linked "o";"Q139399";9
Distribution of linked "o";"Q5775768";9
Distribution of linked "o";"Q318698";9
Distribution of linked "o";"Q476880";9
Distribution of linked "o";"Q3590364";9
Distribution of linked "o";"Q2735059";9
Distribution of linked "o";"Q848642";9
Distribution of linked "o";"Q5132136";9
Distribution of linked "o";"Q196107";9
Distribution of linked "o";"Q483738";9
Distribution of linked "o";"Q169637";9
Distribution of linked "o";"15400101";8
Distribution of linked "o";"19800101";8
Distribution of linked "o";"19730101";8
Distribution of linked "o";"Q210961";8
Distribution of linked "o";"Q374069";8
Distribution of linked "o";"Q738846";8
Distribution of linked "o";"Q44270";8
Distribution of linked "o";"Q2631312";8
Distribution of linked "o";"Q696514";8
Distribution of linked "o";"Q844509";8
Distribution of linked "o";"18600101";8
Distribution of linked "o";"Q192376";8
Distribution of linked "o";"Q1426344";8
Distribution of linked "o";"18770101";8
Distribution of linked "o";"19190101";8
Distribution of linked "o";"Q202660";8
Distribution of linked "o";"Q390326";8
Distribution of linked "o";"Q609554";8
Distribution of linked "o";"Q162417";8
Distribution of linked "o";"Q6641";8
Distribution of linked "o";"10000101";8
Distribution of linked "o";"18710101";8
Distribution of linked "o";"18690101";8
Distribution of linked "o";"14000101";8
Distribution of linked "o";"19870101";8
Distribution of linked "o";"Q610621";8
Distribution of linked "o";"Q2376528";8
Distribution of linked "o";"Q190526";8
Distribution of linked "o";"18500101";8
Distribution of linked "o";"18620101";8
Distribution of linked "o";"Q263320";8
Distribution of linked "o";"Q386139";8
Distribution of linked "o";"Q4139993";8
Distribution of linked "o";"Q2288370";8
Distribution of linked "o";"Q126301";8
Distribution of linked "o";"Q748725";8
Distribution of linked "o";"Q19495";8
Distribution of linked "o";"19820101";8
Distribution of linked "o";"15500101";8
Distribution of linked "o";"Q24904";8
Distribution of linked "o";"15320101";8
Distribution of linked "o";"Q2576229";8
Distribution of linked "o";"Q846368";8
Distribution of linked "o";"Q692571";8
Distribution of linked "o";"Q819419";8
Distribution of linked "o";"Q188568";8
Distribution of linked "o";"Q176795";8
Distribution of linked "o";"Q5029522";8
Distribution of linked "o";"Q270051";8
Distribution of linked "o";"Q16525407";8
Distribution of linked "o";"Q13363064";8
Distribution of linked "o";"Q164334";8
Distribution of linked "o";"Q690067";8
Distribution of linked "o";"Q1210621";8
Distribution of linked "o";"Q671317";8
Distribution of linked "o";"Q180857";8
Distribution of linked "o";"Q692691";8
Distribution of linked "o";"Q3044339";8
Distribution of linked "o";"Q854167";8
Distribution of linked "o";"Q586617";8
Distribution of linked "o";"Q4313463";8
Distribution of linked "o";"Q847499";8
Distribution of linked "o";"Q289720";8
Distribution of linked "o";"Q1389899";8
Distribution of linked "o";"Q3589754";8
Distribution of linked "o";"Q4475719";8
Distribution of linked "o";"Q2254157";8
Distribution of linked "o";"Q301431";8
Distribution of linked "o";"Q516425";8
Distribution of linked "o";"Q482540";8
Distribution of linked "o";"Q2914071";8
Distribution of linked "o";"Q3924852";8
Distribution of linked "o";"Q206828";8
Distribution of linked "o";"Q204357";8
Distribution of linked "o";"Q151623";8
Distribution of linked "o";"Q144394";8
Distribution of linked "o";"Q18516";8
Distribution of linked "o";"Q814738";8
Distribution of linked "o";"Q3590479";8
Distribution of linked "o";"Q1584552";8
Distribution of linked "o";"Q289656";8
Distribution of linked "o";"Q1387584";8
Distribution of linked "o";"Q211733";8
Distribution of linked "o";"Q1806057";8
Distribution of linked "o";"Q2479641";8
Distribution of linked "o";"Q16256009";8
Distribution of linked "o";"Q223566";8
Distribution of linked "o";"14900101";7
Distribution of linked "o";"18310101";7
Distribution of linked "o";"Q29115";7
Distribution of linked "o";"18320101";7
Distribution of linked "o";"Q203976";7
Distribution of linked "o";"Q644157";7
Distribution of linked "o";"Q2406451";7
Distribution of linked "o";"Q1785447";7
Distribution of linked "o";"Q19585";7
Distribution of linked "o";"Q795978";7
Distribution of linked "o";"19080101";7
Distribution of linked "o";"Q9213751";7
Distribution of linked "o";"Q1026324";7
Distribution of linked "o";"Q602987";7
Distribution of linked "o";"Q856619";7
Distribution of linked "o";"Q585958";7
Distribution of linked "o";"Q430190";7
Distribution of linked "o";"Q1024463";7
Distribution of linked "o";"Q944169";7
Distribution of linked "o";"Q7892299";7
Distribution of linked "o";"19060101";7
Distribution of linked "o";"18910101";7
Distribution of linked "o";"Q75729";7
Distribution of linked "o";"Q49088";7
Distribution of linked "o";"Q8639";7
Distribution of linked "o";"Q191264";7
Distribution of linked "o";"20000000";7
Distribution of linked "o";"Q2664238";7
Distribution of linked "o";"Q849166";7
Distribution of linked "o";"Q235411";7
Distribution of linked "o";"Q289339";7
Distribution of linked "o";"Q1082290";7
Distribution of linked "o";"Q1090574";7
Distribution of linked "o";"Q459794";7
Distribution of linked "o";"19980101";7
Distribution of linked "o";"19050101";7
Distribution of linked "o";"19900101";7
Distribution of linked "o";"Q872089";7
Distribution of linked "o";"Q3627010";7
Distribution of linked "o";"19150101";7
Distribution of linked "o";"Q643107";7
Distribution of linked "o";"18650101";7
Distribution of linked "o";"19770101";7
Distribution of linked "o";"Q4816008";7
Distribution of linked "o";"19130101";7
Distribution of linked "o";"Q5187078";7
Distribution of linked "o";"18640101";7
Distribution of linked "o";"19220101";7
Distribution of linked "o";"Q298267";7
Distribution of linked "o";"18580101";7
Distribution of linked "o";"18780101";7
Distribution of linked "o";"Q603133";7
Distribution of linked "o";"Q385222";7
Distribution of linked "o";"Q618520";7
Distribution of linked "o";"19810101";7
Distribution of linked "o";"Q721418";7
Distribution of linked "o";"15280101";7
Distribution of linked "o";"Q8857";7
Distribution of linked "o";"Q1103168";7
Distribution of linked "o";"Q513237";7
Distribution of linked "o";"Q1191998";7
Distribution of linked "o";"Q12278";7
Distribution of linked "o";"Q204881";7
Distribution of linked "o";"Q188430";7
Distribution of linked "o";"Q13405481";7
Distribution of linked "o";"Q3589940";7
Distribution of linked "o";"18100101";7
Distribution of linked "o";"18840101";7
Distribution of linked "o";"Q392310";7
Distribution of linked "o";"18460101";7
Distribution of linked "o";"18760101";7
Distribution of linked "o";"18440101";7
Distribution of linked "o";"Q1344306";7
Distribution of linked "o";"19270101";7
Distribution of linked "o";"Q3590274";7
Distribution of linked "o";"Q3063069";7
Distribution of linked "o";"Q524378";7
Distribution of linked "o";"Q2018";7
Distribution of linked "o";"Q533974";7
Distribution of linked "o";"Q460494";7
Distribution of linked "o";"Q318969";7
Distribution of linked "o";"Q3589882";7
Distribution of linked "o";"Q3590737";7
Distribution of linked "o";"Q972741";7
Distribution of linked "o";"Q4285478";7
Distribution of linked "o";"Q2570014";7
Distribution of linked "o";"Q42412";7
Distribution of linked "o";"Q6413492";7
Distribution of linked "o";"Q946297";7
Distribution of linked "o";"Q614987";7
Distribution of linked "o";"Q812719";7
Distribution of linked "o";"Q630112";7
Distribution of linked "o";"Q570228";7
Distribution of linked "o";"Q20631356";7
Distribution of linked "o";"Q289482";7
Distribution of linked "o";"Q761583";7
Distribution of linked "o";"Q24719";7
Distribution of linked "o";"Q815890";7
Distribution of linked "o";"Q875889";7
Distribution of linked "o";"Q788363";7
Distribution of linked "o";"Q3590668";7
Distribution of linked "o";"Q243235";7
Distribution of linked "o";"Q10407";7
Distribution of linked "o";"Q849544";7
Distribution of linked "o";"Q633223";7
Distribution of linked "o";"Q816763";7
Distribution of linked "o";"Q429630";7
Distribution of linked "o";"Q6954550";7
Distribution of linked "o";"Q16841704";7
Distribution of linked "o";"Q18703852";7
Distribution of linked "o";"Q13748201";7
Distribution of linked "o";"Q1131732";7
Distribution of linked "o";"Q3997037";7
Distribution of linked "o";"Q419974";7
Distribution of linked "o";"Q13583120";7
Distribution of linked "o";"Q1023199";7
Distribution of linked "o";"Q260559";7
Distribution of linked "o";"Q1140598";7
Distribution of linked "o";"Q1769491";7
Distribution of linked "o";"Q272097";7
Distribution of linked "o";"Q189018";7
Distribution of linked "o";"Q120064";7
Distribution of linked "o";"Q48911";7
Distribution of linked "o";"Q2628155";7
Distribution of linked "o";"Q263829";7
Distribution of linked "o";"Q16847600";7
Distribution of linked "o";"Q8812";7
Distribution of linked "o";"Q2454929";7
Distribution of linked "o";"Q2462207";7
Distribution of linked "o";"Q1886";7
Distribution of linked "o";"Q276533";7
Distribution of linked "o";"Q308683";7
Distribution of linked "o";"Q790195";7
Distribution of linked "o";"Q464810";7
Distribution of linked "o";"Q172020";7
Distribution of linked "o";"Q5132102";7
Distribution of linked "o";"Q207373";7
Distribution of linked "o";"Q5212629";7
Distribution of linked "o";"Q16699894";7
Distribution of linked "o";"Q128109";7
Distribution of linked "o";"Q1781239";7
Distribution of linked "o";"19200101";6
Distribution of linked "o";"19840101";6
Distribution of linked "o";"Q2229763";6
Distribution of linked "o";"Q1386854";6
Distribution of linked "o";"Q221766";6
Distribution of linked "o";"18290101";6
Distribution of linked "o";"Q509510";6
Distribution of linked "o";"18740101";6
Distribution of linked "o";"Q692856";6
Distribution of linked "o";"Q1368488";6
Distribution of linked "o";"Q7827898";6
Distribution of linked "o";"Q1062259";6
Distribution of linked "o";"Q12236";6
Distribution of linked "o";"Q602515";6
Distribution of linked "o";"Q725332";6
Distribution of linked "o";"Q2710";6
Distribution of linked "o";"18190101";6
Distribution of linked "o";"14800101";6
Distribution of linked "o";"17780101";6
Distribution of linked "o";"Q2661174";6
Distribution of linked "o";"18560101";6
Distribution of linked "o";"18610101";6
Distribution of linked "o";"Q1857064";6
Distribution of linked "o";"Q1835695";6
Distribution of linked "o";"18990101";6
Distribution of linked "o";"18490101";6
Distribution of linked "o";"19170101";6
Distribution of linked "o";"Q963242";6
Distribution of linked "o";"Q309400";6
Distribution of linked "o";"Q497637";6
Distribution of linked "o";"Q1757655";6
Distribution of linked "o";"Q189948";6
Distribution of linked "o";"Q501245";6
Distribution of linked "o";"Q857048";6
Distribution of linked "o";"Q4318155";6
Distribution of linked "o";"17270101";6
Distribution of linked "o";"Q208396";6
Distribution of linked "o";"Q1023532";6
Distribution of linked "o";"Q606210";6
Distribution of linked "o";"16000101";6
Distribution of linked "o";"15980101";6
Distribution of linked "o";"17680101";6
Distribution of linked "o";"Q8633";6
Distribution of linked "o";"Q185350";6
Distribution of linked "o";"Q126334";6
Distribution of linked "o";"18590101";6
Distribution of linked "o";"18050101";6
Distribution of linked "o";"Q1236452";6
Distribution of linked "o";"17000101";6
Distribution of linked "o";"18390101";6
Distribution of linked "o";"18730101";6
Distribution of linked "o";"18930101";6
Distribution of linked "o";"Q319826";6
Distribution of linked "o";"Q328687";6
Distribution of linked "o";"18550101";6
Distribution of linked "o";"19120101";6
Distribution of linked "o";"19260101";6
Distribution of linked "o";"Q287851";6
Distribution of linked "o";"19320101";6
Distribution of linked "o";"Q673651";6
Distribution of linked "o";"14630101";6
Distribution of linked "o";"Q1138634";6
Distribution of linked "o";"16900101";6
Distribution of linked "o";"Q683351";6
Distribution of linked "o";"Q15852883";6
Distribution of linked "o";"18450101";6
Distribution of linked "o";"Q179075";6
Distribution of linked "o";"17880101";6
Distribution of linked "o";"Q750322";6
Distribution of linked "o";"Q479269";6
Distribution of linked "o";"Q1762119";6
Distribution of linked "o";"Q1070732";6
Distribution of linked "o";"Q2277220";6
Distribution of linked "o";"Q1733992";6
Distribution of linked "o";"Q16525419";6
Distribution of linked "o";"Q884386";6
Distribution of linked "o";"Q9369607";6
Distribution of linked "o";"Q335190";6
Distribution of linked "o";"Q723471";6
Distribution of linked "o";"Q207337";6
Distribution of linked "o";"Q1442028";6
Distribution of linked "o";"Q11942";6
Distribution of linked "o";"Q1964582";6
Distribution of linked "o";"Q1753870";6
Distribution of linked "o";"Q769632";6
Distribution of linked "o";"Q201969";6
Distribution of linked "o";"Q309456";6
Distribution of linked "o";"Q7074109";6
Distribution of linked "o";"Q5450492";6
Distribution of linked "o";"Q1387471";6
Distribution of linked "o";"Q2391784";6
Distribution of linked "o";"Q430307";6
Distribution of linked "o";"Q190916";6
Distribution of linked "o";"Q581990";6
Distribution of linked "o";"Q223823";6
Distribution of linked "o";"Q121783";6
Distribution of linked "o";"Q576285";6
Distribution of linked "o";"Q221602";6
Distribution of linked "o";"Q1023233";6
Distribution of linked "o";"Q3873547";6
Distribution of linked "o";"Q113143";6
Distribution of linked "o";"Q3873512";6
Distribution of linked "o";"Q39183";6
Distribution of linked "o";"Q1045811";6
Distribution of linked "o";"Q18507";6
Distribution of linked "o";"Q1262841";6
Distribution of linked "o";"Q34851";6
Distribution of linked "o";"Q1288460";6
Distribution of linked "o";"Q7401658";6
Distribution of linked "o";"Q688300";6
Distribution of linked "o";"Q22949104";6
Distribution of linked "o";"Q81635";6
Distribution of linked "o";"Q2205558";6
Distribution of linked "o";"Q1671357";6
Distribution of linked "o";"Q1028538";6
Distribution of linked "o";"Q195932";6
Distribution of linked "o";"Q495027";6
Distribution of linked "o";"Q7170379";6
Distribution of linked "o";"Q261813";6
Distribution of linked "o";"Q3873981";6
Distribution of linked "o";"Q665704";6
Distribution of linked "o";"Q21578";6
Distribution of linked "o";"Q53438";6
Distribution of linked "o";"Q2628485";6
Distribution of linked "o";"Q144396";6
Distribution of linked "o";"Q7886397";6
Distribution of linked "o";"Q19571";6
Distribution of linked "o";"Q19598";6
Distribution of linked "o";"Q19634";6
Distribution of linked "o";"Q48953";6
Distribution of linked "o";"Q18729";6
Distribution of linked "o";"Q3632340";6
Distribution of linked "o";"Q18510";6
Distribution of linked "o";"Q2627193";6
Distribution of linked "o";"Q657156";6
Distribution of linked "o";"Q285722";6
Distribution of linked "o";"Q160532";6
Distribution of linked "o";"Q292618";6
Distribution of linked "o";"Q2713901";6
Distribution of linked "o";"Q870182";6
Distribution of linked "o";"Q940001";6
Distribution of linked "o";"Q11945";6
Distribution of linked "o";"Q687297";6
Distribution of linked "o";"Q298518";6
Distribution of linked "o";"Q11971";6
Distribution of linked "o";"Q3589826";6
Distribution of linked "o";"Q6124085";6
Distribution of linked "o";"Q738060";6
Distribution of linked "o";"Q363708";6
Distribution of linked "o";"Q207462";6
Distribution of linked "o";"Q7569724";6
Distribution of linked "o";"Q17521353";6
Distribution of linked "o";"Q1786833";6
Distribution of linked "o";"Q169165";6
Distribution of linked "o";"Q1827860";5
Distribution of linked "o";"Q182930";5
Distribution of linked "o";"19830101";5
Distribution of linked "o";"Q19523";5
Distribution of linked "o";"Q8623";5
Distribution of linked "o";"Q4461295";5
Distribution of linked "o";"19890101";5
Distribution of linked "o";"Q1847803";5
Distribution of linked "o";"Q646204";5
Distribution of linked "o";"15600101";5
Distribution of linked "o";"Q733451";5
Distribution of linked "o";"Q211906";5
Distribution of linked "o";"Q275626";5
Distribution of linked "o";"18750101";5
Distribution of linked "o";"18110101";5
Distribution of linked "o";"Q636019";5
Distribution of linked "o";"Q371522";5
Distribution of linked "o";"11350101";5
Distribution of linked "o";"Q918609";5
Distribution of linked "o";"Q7257327";5
Distribution of linked "o";"Q174512";5
Distribution of linked "o";"Q3590367";5
Distribution of linked "o";"Q219098";5
Distribution of linked "o";"Q668531";5
Distribution of linked "o";"Q866884";5
Distribution of linked "o";"19450502";5
Distribution of linked "o";"18850101";5
Distribution of linked "o";"Q8648";5
Distribution of linked "o";"15250101";5
Distribution of linked "o";"14300101";5
Distribution of linked "o";"14850101";5
Distribution of linked "o";"Q1246437";5
Distribution of linked "o";"Q156709";5
Distribution of linked "o";"14880101";5
Distribution of linked "o";"16470101";5
Distribution of linked "o";"18880101";5
Distribution of linked "o";"19160101";5
Distribution of linked "o";"18250101";5
Distribution of linked "o";"Q1568677";5
Distribution of linked "o";"18030101";5
Distribution of linked "o";"13700101";5
Distribution of linked "o";"15040101";5
Distribution of linked "o";"Q219854";5
Distribution of linked "o";"18360101";5
Distribution of linked "o";"Q639551";5
Distribution of linked "o";"Q1446108";5
Distribution of linked "o";"Q15809132";5
Distribution of linked "o";"17590101";5
Distribution of linked "o";"19990101";5
Distribution of linked "o";"Q22994131";5
Distribution of linked "o";"18420101";5
Distribution of linked "o";"Q315658";5
Distribution of linked "o";"18180101";5
Distribution of linked "o";"18720101";5
Distribution of linked "o";"17930101";5
Distribution of linked "o";"-04000101";5
Distribution of linked "o";"18350101";5
Distribution of linked "o";"Q757170";5
Distribution of linked "o";"19860101";5
Distribution of linked "o";"19461016";5
Distribution of linked "o";"18700101";5
Distribution of linked "o";"Q134073";5
Distribution of linked "o";"Q11047010";5
Distribution of linked "o";"Q23892237";5
Distribution of linked "o";"Q2151308";5
Distribution of linked "o";"Q1138515";5
Distribution of linked "o";"Q391014";5
Distribution of linked "o";"Q18750";5
Distribution of linked "o";"Q819480";5
Distribution of linked "o";"19910101";5
Distribution of linked "o";"16280101";5
Distribution of linked "o";"18170101";5
Distribution of linked "o";"19930101";5
Distribution of linked "o";"19450509";5
Distribution of linked "o";"Q316593";5
Distribution of linked "o";"Q316855";5
Distribution of linked "o";"18430101";5
Distribution of linked "o";"Q478167";5
Distribution of linked "o";"Q7572134";5
Distribution of linked "o";"20100101";5
Distribution of linked "o";"15230101";5
Distribution of linked "o";"Q1375578";5
Distribution of linked "o";"Q5353196";5
Distribution of linked "o";"Q6149827";5
Distribution of linked "o";"Q535318";5
Distribution of linked "o";"Q263258";5
Distribution of linked "o";"Q797022";5
Distribution of linked "o";"Q320493";5
Distribution of linked "o";"Q3555496";5
Distribution of linked "o";"Q2553950";5
Distribution of linked "o";"Q236006";5
Distribution of linked "o";"Q2274220";5
Distribution of linked "o";"Q238593";5
Distribution of linked "o";"Q330056";5
Distribution of linked "o";"Q605383";5
Distribution of linked "o";"Q737936";5
Distribution of linked "o";"Q280814";5
Distribution of linked "o";"Q845146";5
Distribution of linked "o";"Q640726";5
Distribution of linked "o";"Q151907";5
Distribution of linked "o";"Q2679510";5
Distribution of linked "o";"Q1389037";5
Distribution of linked "o";"Q13882315";5
Distribution of linked "o";"Q618620";5
Distribution of linked "o";"Q15062048";5
Distribution of linked "o";"Q14132";5
Distribution of linked "o";"Q959847";5
Distribution of linked "o";"Q723548";5
Distribution of linked "o";"Q643278";5
Distribution of linked "o";"Q16770428";5
Distribution of linked "o";"Q583599";5
Distribution of linked "o";"Q7437735";5
Distribution of linked "o";"Q15907812";5
Distribution of linked "o";"Q18520";5
Distribution of linked "o";"Q144190";5
Distribution of linked "o";"Q248800";5
Distribution of linked "o";"Q223728";5
Distribution of linked "o";"Q995069";5
Distribution of linked "o";"Q1022939";5
Distribution of linked "o";"Q193749";5
Distribution of linked "o";"Q2075845";5
Distribution of linked "o";"Q752425";5
Distribution of linked "o";"Q13404889";5
Distribution of linked "o";"Q22949098";5
Distribution of linked "o";"Q659924";5
Distribution of linked "o";"Q2164267";5
Distribution of linked "o";"Q5970710";5
Distribution of linked "o";"Q60695";5
Distribution of linked "o";"Q223450";5
Distribution of linked "o";"Q186243";5
Distribution of linked "o";"Q180845";5
Distribution of linked "o";"Q1816252";5
Distribution of linked "o";"Q7663187";5
Distribution of linked "o";"Q138749";5
Distribution of linked "o";"Q797530";5
Distribution of linked "o";"Q3323135";5
Distribution of linked "o";"Q3590215";5
Distribution of linked "o";"Q2276413";5
Distribution of linked "o";"Q15695053";5
Distribution of linked "o";"Q955661";5
Distribution of linked "o";"Q4730963";5
Distribution of linked "o";"Q433230";5
Distribution of linked "o";"Q48938";5
Distribution of linked "o";"Q1195376";5
Distribution of linked "o";"Q5161487";5
Distribution of linked "o";"Q364698";5
Distribution of linked "o";"Q459110";5
Distribution of linked "o";"Q116557";5
Distribution of linked "o";"Q726810";5
Distribution of linked "o";"Q1094113";5
Distribution of linked "o";"Q1192755";5
Distribution of linked "o";"Q425599";5
Distribution of linked "o";"Q520066";5
Distribution of linked "o";"Q6767";5
Distribution of linked "o";"Q240566";5
Distribution of linked "o";"Q4306737";5
Distribution of linked "o";"Q43477";5
Distribution of linked "o";"Q1636019";5
Distribution of linked "o";"Q21694246";5
Distribution of linked "o";"Q1140392";5
Distribution of linked "o";"Q54926";5
Distribution of linked "o";"11700101";4
Distribution of linked "o";"Q828338";4
Distribution of linked "o";"Q855809";4
Distribution of linked "o";"Q723542";4
Distribution of linked "o";"Q333838";4
Distribution of linked "o";"Q16842552";4
Distribution of linked "o";"Q1976387";4
Distribution of linked "o";"Q582900";4
Distribution of linked "o";"Q179658";4
Distribution of linked "o";"Q1023500";4
Distribution of linked "o";"19760428";4
Distribution of linked "o";"16730101";4
Distribution of linked "o";"Q205998";4
Distribution of linked "o";"Q603060";4
Distribution of linked "o";"Q1906646";4
Distribution of linked "o";"Q1044651";4
Distribution of linked "o";"Q131378";4
Distribution of linked "o";"Q1633430";4
Distribution of linked "o";"Q853457";4
Distribution of linked "o";"Q140497";4
Distribution of linked "o";"18220101";4
Distribution of linked "o";"15300101";4
Distribution of linked "o";"Q1371330";4
Distribution of linked "o";"Q324596";4
Distribution of linked "o";"18380101";4
Distribution of linked "o";"01000101";4
Distribution of linked "o";"Q1389353";4
Distribution of linked "o";"19311025";4
Distribution of linked "o";"Q297695";4
Distribution of linked "o";"Q4075";4
Distribution of linked "o";"19790207";4
Distribution of linked "o";"14860101";4
Distribution of linked "o";"15420101";4
Distribution of linked "o";"19430827";4
Distribution of linked "o";"Q4545849";4
Distribution of linked "o";"18370101";4
Distribution of linked "o";"Q1969085";4
Distribution of linked "o";"Q11704859";4
Distribution of linked "o";"14790101";4
Distribution of linked "o";"Q11821976";4
Distribution of linked "o";"Q27971";4
Distribution of linked "o";"Q5193036";4
Distribution of linked "o";"19410831";4
Distribution of linked "o";"Q4894322";4
Distribution of linked "o";"Q154804";4
Distribution of linked "o";"Q831395";4
Distribution of linked "o";"16810101";4
Distribution of linked "o";"04000101";4
Distribution of linked "o";"16800101";4
Distribution of linked "o";"Q3365295";4
Distribution of linked "o";"16440101";4
Distribution of linked "o";"18820522";4
Distribution of linked "o";"18400101";4
Distribution of linked "o";"19450429";4
Distribution of linked "o";"19450425";4
Distribution of linked "o";"Q270080";4
Distribution of linked "o";"19450418";4
Distribution of linked "o";"17560101";4
Distribution of linked "o";"Q1279917";4
Distribution of linked "o";"16170101";4
Distribution of linked "o";"14390101";4
Distribution of linked "o";"15070101";4
Distribution of linked "o";"20121121";4
Distribution of linked "o";"19540119";4
Distribution of linked "o";"19501231";4
Distribution of linked "o";"19470528";4
Distribution of linked "o";"18540101";4
Distribution of linked "o";"14700101";4
Distribution of linked "o";"15570101";4
Distribution of linked "o";"19820109";4
Distribution of linked "o";"19450428";4
Distribution of linked "o";"Q22994108";4
Distribution of linked "o";"15880101";4
Distribution of linked "o";"Q1616168";4
Distribution of linked "o";"16270101";4
Distribution of linked "o";"19060804";4
Distribution of linked "o";"19470503";4
Distribution of linked "o";"Q165528";4
Distribution of linked "o";"Q319136";4
Distribution of linked "o";"Q2948398";4
Distribution of linked "o";"14990101";4
Distribution of linked "o";"Q19456";4
Distribution of linked "o";"Q1139956";4
Distribution of linked "o";"Q297363";4
Distribution of linked "o";"Q2206039";4
Distribution of linked "o";"Q1162277";4
Distribution of linked "o";"19220407";4
Distribution of linked "o";"Q1344302";4
Distribution of linked "o";"19430805";4
Distribution of linked "o";"16930101";4
Distribution of linked "o";"14550101";4
Distribution of linked "o";"18200101";4
Distribution of linked "o";"19320404";4
Distribution of linked "o";"17350101";4
Distribution of linked "o";"Q3277733";4
Distribution of linked "o";"Q3277752";4
Distribution of linked "o";"Q918044";4
Distribution of linked "o";"Q631695";4
Distribution of linked "o";"Q5100058";4
Distribution of linked "o";"Q2005514";4
Distribution of linked "o";"Q543035";4
Distribution of linked "o";"Q236688";4
Distribution of linked "o";"16640101";4
Distribution of linked "o";"18060101";4
Distribution of linked "o";"Q162299";4
Distribution of linked "o";"Q693371";4
Distribution of linked "o";"17610101";4
Distribution of linked "o";"19030101";4
Distribution of linked "o";"14250101";4
Distribution of linked "o";"17920101";4
Distribution of linked "o";"Q49653";4
Distribution of linked "o";"Q681889";4
Distribution of linked "o";"17380101";4
Distribution of linked "o";"19970101";4
Distribution of linked "o";"16720101";4
Distribution of linked "o";"Q18589556";4
Distribution of linked "o";"15920101";4
Distribution of linked "o";"15950101";4
Distribution of linked "o";"14940101";4
Distribution of linked "o";"17220101";4
Distribution of linked "o";"17090101";4
Distribution of linked "o";"Q316896";4
Distribution of linked "o";"19570310";4
Distribution of linked "o";"16100101";4
Distribution of linked "o";"16600101";4
Distribution of linked "o";"Q1144725";4
Distribution of linked "o";"Q2283";4
Distribution of linked "o";"17240101";4
Distribution of linked "o";"Q370712";4
Distribution of linked "o";"Q4202306";4
Distribution of linked "o";"12100101";4
Distribution of linked "o";"Q323848";4
Distribution of linked "o";"17740101";4
Distribution of linked "o";"Q588178";4
Distribution of linked "o";"16780101";4
Distribution of linked "o";"Q157828";4
Distribution of linked "o";"19061102";4
Distribution of linked "o";"19450627";4
Distribution of linked "o";"16380101";4
Distribution of linked "o";"Q567050";4
Distribution of linked "o";"Q566150";4
Distribution of linked "o";"Q4834024";4
Distribution of linked "o";"Q219703";4
Distribution of linked "o";"Q7671747";4
Distribution of linked "o";"Q4201724";4
Distribution of linked "o";"Q819332";4
Distribution of linked "o";"Q696757";4
Distribution of linked "o";"Q318348";4
Distribution of linked "o";"Q2670674";4
Distribution of linked "o";"Q831875";4
Distribution of linked "o";"Q2292295";4
Distribution of linked "o";"Q2208683";4
Distribution of linked "o";"Q108070";4
Distribution of linked "o";"Q49117";4
Distribution of linked "o";"Q187091";4
Distribution of linked "o";"Q15851661";4
Distribution of linked "o";"Q424943";4
Distribution of linked "o";"Q210170";4
Distribution of linked "o";"Q836832";4
Distribution of linked "o";"Q131874";4
Distribution of linked "o";"Q286504";4
Distribution of linked "o";"Q760736";4
Distribution of linked "o";"Q719439";4
Distribution of linked "o";"Q327172";4
Distribution of linked "o";"Q44305";4
Distribution of linked "o";"Q2062274";4
Distribution of linked "o";"Q530463";4
Distribution of linked "o";"Q748011";4
Distribution of linked "o";"Q3649293";4
Distribution of linked "o";"Q2021431";4
Distribution of linked "o";"Q478309";4
Distribution of linked "o";"Q12260";4
Distribution of linked "o";"Q1066683";4
Distribution of linked "o";"Q7565409";4
Distribution of linked "o";"Q1976596";4
Distribution of linked "o";"Q3589934";4
Distribution of linked "o";"Q4210385";4
Distribution of linked "o";"Q684101";4
Distribution of linked "o";"Q1387238";4
Distribution of linked "o";"Q3873528";4
Distribution of linked "o";"Q1624308";4
Distribution of linked "o";"Q301332";4
Distribution of linked "o";"Q648382";4
Distribution of linked "o";"Q552856";4
Distribution of linked "o";"Q240438";4
Distribution of linked "o";"Q431801";4
Distribution of linked "o";"Q737714";4
Distribution of linked "o";"Q216661";4
Distribution of linked "o";"Q217977";4
Distribution of linked "o";"Q602457";4
Distribution of linked "o";"Q5623348";4
Distribution of linked "o";"Q3873552";4
Distribution of linked "o";"Q679901";4
Distribution of linked "o";"Q192641";4
Distribution of linked "o";"Q725018";4
Distribution of linked "o";"Q266519";4
Distribution of linked "o";"Q566169";4
Distribution of linked "o";"Q1470768";4
Distribution of linked "o";"Q22949012";4
Distribution of linked "o";"Q1027173";4
Distribution of linked "o";"Q18524";4
Distribution of linked "o";"Q34120";4
Distribution of linked "o";"Q1071986";4
Distribution of linked "o";"Q3590410";4
Distribution of linked "o";"Q369420";4
Distribution of linked "o";"Q1462564";4
Distribution of linked "o";"Q573485";4
Distribution of linked "o";"Q285702";4
Distribution of linked "o";"Q3590413";4
Distribution of linked "o";"Q3217941";4
Distribution of linked "o";"Q448233";4
Distribution of linked "o";"Q76346";4
Distribution of linked "o";"Q206702";4
Distribution of linked "o";"Q1729754";4
Distribution of linked "o";"Q708038";4
Distribution of linked "o";"Q798194";4
Distribution of linked "o";"Q1230608";4
Distribution of linked "o";"Q61689";4
Distribution of linked "o";"Q699668";4
Distribution of linked "o";"Q3590023";4
Distribution of linked "o";"Q236017";4
Distribution of linked "o";"Q4938547";4
Distribution of linked "o";"Q151587";4
Distribution of linked "o";"Q3595927";4
Distribution of linked "o";"Q172721";4
Distribution of linked "o";"Q7009242";4
Distribution of linked "o";"Q6690";4
Distribution of linked "o";"Q335483";4
Distribution of linked "o";"Q18512";4
Distribution of linked "o";"Q847113";4
Distribution of linked "o";"Q8030519";4
Distribution of linked "o";"Q18659";4
Distribution of linked "o";"Q1368281";4
Distribution of linked "o";"Q7302441";4
Distribution of linked "o";"Q3373901";4
Distribution of linked "o";"Q1417183";4
Distribution of linked "o";"Q180800";4
Distribution of linked "o";"Q1779098";4
Distribution of linked "o";"Q221927";4
Distribution of linked "o";"Q2871902";4
Distribution of linked "o";"Q1387379";4
Distribution of linked "o";"Q582342";4
Distribution of linked "o";"Q2919982";4
Distribution of linked "o";"Q844271";4
Distribution of linked "o";"Q739684";4
Distribution of linked "o";"Q5338545";4
Distribution of linked "o";"Q1385992";4
Distribution of linked "o";"Q22941637";4
Distribution of linked "o";"Q289713";4
Distribution of linked "o";"Q603085";4
Distribution of linked "o";"Q2946171";4
Distribution of linked "o";"Q48950";4
Distribution of linked "o";"Q385518";4
Distribution of linked "o";"Q191595";4
Distribution of linked "o";"Q3495934";4
Distribution of linked "o";"Q175145";4
Distribution of linked "o";"Q21694247";4
Distribution of linked "o";"Q2747877";4
Distribution of linked "o";"Q274566";4
Distribution of linked "o";"Q615473";4
Distribution of linked "o";"Q6124177";4
Distribution of linked "o";"Q12606061";3
Distribution of linked "o";"19390501";3
Distribution of linked "o";"18570101";3
Distribution of linked "o";"19721207";3
Distribution of linked "o";"19400628";3
Distribution of linked "o";"13690101";3
Distribution of linked "o";"Q686659";3
Distribution of linked "o";"19440914";3
Distribution of linked "o";"19750604";3
Distribution of linked "o";"19341202";3
Distribution of linked "o";"19400229";3
Distribution of linked "o";"19790314";3
Distribution of linked "o";"Q2631577";3
Distribution of linked "o";"Q38124";3
Distribution of linked "o";"19300308";3
Distribution of linked "o";"19190108";3
Distribution of linked "o";"Q377621";3
Distribution of linked "o";"19560618";3
Distribution of linked "o";"19430809";3
Distribution of linked "o";"Q3571594";3
Distribution of linked "o";"19370607";3
Distribution of linked "o";"19920511";3
Distribution of linked "o";"19400907";3
Distribution of linked "o";"Q976396";3
Distribution of linked "o";"15760101";3
Distribution of linked "o";"03000101";3
Distribution of linked "o";"Q513145";3
Distribution of linked "o";"Q855401";3
Distribution of linked "o";"Q80955";3
Distribution of linked "o";"Q620499";3
Distribution of linked "o";"Q980573";3
Distribution of linked "o";"Q162467";3
Distribution of linked "o";"19461229";3
Distribution of linked "o";"19540726";3
Distribution of linked "o";"Q1258871";3
Distribution of linked "o";"19880205";3
Distribution of linked "o";"17670101";3
Distribution of linked "o";"18980610";3
Distribution of linked "o";"18970619";3
Distribution of linked "o";"19710828";3
Distribution of linked "o";"Q757320";3
Distribution of linked "o";"Q5424829";3
Distribution of linked "o";"19601023";3
Distribution of linked "o";"Q1024397";3
Distribution of linked "o";"18520101";3
Distribution of linked "o";"19720107";3
Distribution of linked "o";"Q1619662";3
Distribution of linked "o";"Q93604";3
Distribution of linked "o";"19630815";3
Distribution of linked "o";"19810822";3
Distribution of linked "o";"20101215";3
Distribution of linked "o";"19521201";3
Distribution of linked "o";"18120101";3
Distribution of linked "o";"Q1210146";3
Distribution of linked "o";"Q855496";3
Distribution of linked "o";"19800318";3
Distribution of linked "o";"Q20266330";3
Distribution of linked "o";"Q49112";3
Distribution of linked "o";"19410327";3
Distribution of linked "o";"Q209937";3
Distribution of linked "o";"19620814";3
Distribution of linked "o";"19501201";3
Distribution of linked "o";"19580404";3
Distribution of linked "o";"19510607";3
Distribution of linked "o";"18931030";3
Distribution of linked "o";"19620908";3
Distribution of linked "o";"19440412";3
Distribution of linked "o";"18980523";3
Distribution of linked "o";"19670902";3
Distribution of linked "o";"19610507";3
Distribution of linked "o";"19530219";3
Distribution of linked "o";"19440406";3
Distribution of linked "o";"12010101";3
Distribution of linked "o";"Q1395647";3
Distribution of linked "o";"20121119";3
Distribution of linked "o";"18090101";3
Distribution of linked "o";"Q18300";3
Distribution of linked "o";"19880801";3
Distribution of linked "o";"17840101";3
Distribution of linked "o";"19441019";3
Distribution of linked "o";"Q14749501";3
Distribution of linked "o";"Q622664";3
Distribution of linked "o";"19251201";3
Distribution of linked "o";"18340101";3
Distribution of linked "o";"Q2714208";3
Distribution of linked "o";"Q298346";3
Distribution of linked "o";"Q2043779";3
Distribution of linked "o";"19881031";3
Distribution of linked "o";"19810325";3
Distribution of linked "o";"Q8525";3
Distribution of linked "o";"19940813";3
Distribution of linked "o";"16820101";3
Distribution of linked "o";"19860226";3
Distribution of linked "o";"19880103";3
Distribution of linked "o";"19340630";3
Distribution of linked "o";"11200101";3
Distribution of linked "o";"12040101";3
Distribution of linked "o";"19750303";3
Distribution of linked "o";"Q134255";3
Distribution of linked "o";"19710510";3
Distribution of linked "o";"Q2314607";3
Distribution of linked "o";"15790101";3
Distribution of linked "o";"19250415";3
Distribution of linked "o";"Q247731";3
Distribution of linked "o";"19550925";3
Distribution of linked "o";"20010101";3
Distribution of linked "o";"12550101";3
Distribution of linked "o";"19340407";3
Distribution of linked "o";"19520423";3
Distribution of linked "o";"19760109";3
Distribution of linked "o";"Q898208";3
Distribution of linked "o";"Q668112";3
Distribution of linked "o";"Q20266894";3
Distribution of linked "o";"Q32120";3
Distribution of linked "o";"19650823";3
Distribution of linked "o";"Q1332206";3
Distribution of linked "o";"Q3590360";3
Distribution of linked "o";"Q953632";3
Distribution of linked "o";"19010909";3
Distribution of linked "o";"19611214";3
Distribution of linked "o";"19210604";3
Distribution of linked "o";"20100409";3
Distribution of linked "o";"19421222";3
Distribution of linked "o";"14890101";3
Distribution of linked "o";"19121005";3
Distribution of linked "o";"18951221";3
Distribution of linked "o";"Q1426348";3
Distribution of linked "o";"19470408";3
Distribution of linked "o";"19080413";3
Distribution of linked "o";"19551130";3
Distribution of linked "o";"Q819510";3
Distribution of linked "o";"19671130";3
Distribution of linked "o";"19890524";3
Distribution of linked "o";"15330101";3
Distribution of linked "o";"19350313";3
Distribution of linked "o";"19680915";3
Distribution of linked "o";"19191007";3
Distribution of linked "o";"17830101";3
Distribution of linked "o";"18020101";3
Distribution of linked "o";"Q537301";3
Distribution of linked "o";"19750727";3
Distribution of linked "o";"19891124";3
Distribution of linked "o";"20090521";3
Distribution of linked "o";"19820603";3
Distribution of linked "o";"19661108";3
Distribution of linked "o";"16540101";3
Distribution of linked "o";"19740320";3
Distribution of linked "o";"19030918";3
Distribution of linked "o";"15450101";3
Distribution of linked "o";"Q2176062";3
Distribution of linked "o";"Q13391";3
Distribution of linked "o";"Q877741";3
Distribution of linked "o";"19301105";3
Distribution of linked "o";"18630621";3
Distribution of linked "o";"19621201";3
Distribution of linked "o";"20080216";3
Distribution of linked "o";"15380101";3
Distribution of linked "o";"19460601";3
Distribution of linked "o";"16210101";3
Distribution of linked "o";"16520101";3
Distribution of linked "o";"18860208";3
Distribution of linked "o";"10500101";3
Distribution of linked "o";"Q162449";3
Distribution of linked "o";"Q162436";3
Distribution of linked "o";"19231123";3
Distribution of linked "o";"19540514";3
Distribution of linked "o";"Q672420";3
Distribution of linked "o";"18910324";3
Distribution of linked "o";"19200315";3
Distribution of linked "o";"15640101";3
Distribution of linked "o";"19400202";3
Distribution of linked "o";"16840101";3
Distribution of linked "o";"19230308";3
Distribution of linked "o";"19950101";3
Distribution of linked "o";"15780101";3
Distribution of linked "o";"19690421";3
Distribution of linked "o";"19380219";3
Distribution of linked "o";"19681113";3
Distribution of linked "o";"15900101";3
Distribution of linked "o";"Q22994093";3
Distribution of linked "o";"19650215";3
Distribution of linked "o";"19591026";3
Distribution of linked "o";"Q867876";3
Distribution of linked "o";"19621025";3
Distribution of linked "o";"12600101";3
Distribution of linked "o";"19480128";3
Distribution of linked "o";"17420101";3
Distribution of linked "o";"17060101";3
Distribution of linked "o";"Q172969";3
Distribution of linked "o";"18270101";3
Distribution of linked "o";"17510101";3
Distribution of linked "o";"Q695008";3
Distribution of linked "o";"Q784311";3
Distribution of linked "o";"Q885182";3
Distribution of linked "o";"16340101";3
Distribution of linked "o";"19730416";3
Distribution of linked "o";"19270518";3
Distribution of linked "o";"Q141971";3
Distribution of linked "o";"15010101";3
Distribution of linked "o";"19840910";3
Distribution of linked "o";"16980101";3
Distribution of linked "o";"Q326811";3
Distribution of linked "o";"17490101";3
Distribution of linked "o";"19770510";3
Distribution of linked "o";"19110114";3
Distribution of linked "o";"19860930";3
Distribution of linked "o";"18610619";3
Distribution of linked "o";"12180101";3
Distribution of linked "o";"Q162382";3
Distribution of linked "o";"19650903";3
Distribution of linked "o";"20040929";3
Distribution of linked "o";"19031011";3
Distribution of linked "o";"19691127";3
Distribution of linked "o";"19100729";3
Distribution of linked "o";"18630403";3
Distribution of linked "o";"16060101";3
Distribution of linked "o";"18240101";3
Distribution of linked "o";"19170717";3
Distribution of linked "o";"19880112";3
Distribution of linked "o";"16880101";3
Distribution of linked "o";"19450301";3
Distribution of linked "o";"19800317";3
Distribution of linked "o";"15850101";3
Distribution of linked "o";"14190101";3
Distribution of linked "o";"19660714";3
Distribution of linked "o";"19700203";3
Distribution of linked "o";"16700101";3
Distribution of linked "o";"17100101";3
Distribution of linked "o";"16740101";3
Distribution of linked "o";"19660718";3
Distribution of linked "o";"15410101";3
Distribution of linked "o";"18990510";3
Distribution of linked "o";"19800822";3
Distribution of linked "o";"19250301";3
Distribution of linked "o";"18941120";3
Distribution of linked "o";"19550514";3
Distribution of linked "o";"16750101";3
Distribution of linked "o";"19720227";3
Distribution of linked "o";"19350621";3
Distribution of linked "o";"Q2317584";3
Distribution of linked "o";"18210101";3
Distribution of linked "o";"18941130";3
Distribution of linked "o";"Q2474559";3
Distribution of linked "o";"Q10388036";3
Distribution of linked "o";"Q1816922";3
Distribution of linked "o";"19900705";3
Distribution of linked "o";"Q7561031";3
Distribution of linked "o";"19920310";3
Distribution of linked "o";"Q17479";3
Distribution of linked "o";"17630101";3
Distribution of linked "o";"Q2982210";3
Distribution of linked "o";"Q14118284";3
Distribution of linked "o";"Q442549";3
Distribution of linked "o";"11750101";3
Distribution of linked "o";"16130101";3
Distribution of linked "o";"19440613";3
Distribution of linked "o";"20090101";3
Distribution of linked "o";"18480101";3
Distribution of linked "o";"19100204";3
Distribution of linked "o";"19690721";3
Distribution of linked "o";"15520101";3
Distribution of linked "o";"19650122";3
Distribution of linked "o";"19451024";3
Distribution of linked "o";"17400101";3
Distribution of linked "o";"19110320";3
Distribution of linked "o";"Q872545";3
Distribution of linked "o";"Q611420";3
Distribution of linked "o";"19820122";3
Distribution of linked "o";"18040101";3
Distribution of linked "o";"18880822";3
Distribution of linked "o";"19880821";3
Distribution of linked "o";"19790728";3
Distribution of linked "o";"19430513";3
Distribution of linked "o";"Q867320";3
Distribution of linked "o";"19820303";3
Distribution of linked "o";"19400511";3
Distribution of linked "o";"18721112";3
Distribution of linked "o";"19730401";3
Distribution of linked "o";"19301223";3
Distribution of linked "o";"17750101";3
Distribution of linked "o";"Q159930";3
Distribution of linked "o";"19090305";3
Distribution of linked "o";"18950902";3
Distribution of linked "o";"18501116";3
Distribution of linked "o";"15580101";3
Distribution of linked "o";"16630101";3
Distribution of linked "o";"19630114";3
Distribution of linked "o";"Q2385162";3
Distribution of linked "o";"19660510";3
Distribution of linked "o";"16160101";3
Distribution of linked "o";"19990306";3
Distribution of linked "o";"10390101";3
Distribution of linked "o";"19550407";3
Distribution of linked "o";"15940101";3
Distribution of linked "o";"17660101";3
Distribution of linked "o";"14970101";3
Distribution of linked "o";"Q1757136";3
Distribution of linked "o";"Q552974";3
Distribution of linked "o";"17890101";3
Distribution of linked "o";"15470101";3
Distribution of linked "o";"18510101";3
Distribution of linked "o";"19861229";3
Distribution of linked "o";"Q153987";3
Distribution of linked "o";"19380316";3
Distribution of linked "o";"19451217";3
Distribution of linked "o";"19450501";3
Distribution of linked "o";"19130415";3
Distribution of linked "o";"19440626";3
Distribution of linked "o";"Q604924";3
Distribution of linked "o";"20040101";3
Distribution of linked "o";"19620403";3
Distribution of linked "o";"19860114";3
Distribution of linked "o";"19441122";3
Distribution of linked "o";"20080101";3
Distribution of linked "o";"Q750097";3
Distribution of linked "o";"19840214";3
Distribution of linked "o";"Q343633";3
Distribution of linked "o";"19811021";3
Distribution of linked "o";"15390101";3
Distribution of linked "o";"16790101";3
Distribution of linked "o";"18990824";3
Distribution of linked "o";"14240101";3
Distribution of linked "o";"19370707";3
Distribution of linked "o";"Q1716001";3
Distribution of linked "o";"19720623";3
Distribution of linked "o";"19230516";3
Distribution of linked "o";"17160101";3
Distribution of linked "o";"19091123";3
Distribution of linked "o";"19570127";3
Distribution of linked "o";"19761021";3
Distribution of linked "o";"14820101";3
Distribution of linked "o";"19471025";3
Distribution of linked "o";"14870101";3
Distribution of linked "o";"18240409";3
Distribution of linked "o";"19261004";3
Distribution of linked "o";"19700323";3
Distribution of linked "o";"18650320";3
Distribution of linked "o";"18230101";3
Distribution of linked "o";"19200415";3
Distribution of linked "o";"19440208";3
Distribution of linked "o";"19920101";3
Distribution of linked "o";"15240101";3
Distribution of linked "o";"20090912";3
Distribution of linked "o";"Q1423718";3
Distribution of linked "o";"19950326";3
Distribution of linked "o";"19370114";3
Distribution of linked "o";"19660530";3
Distribution of linked "o";"Q879172";3
Distribution of linked "o";"Q861141";3
Distribution of linked "o";"Q1201847";3
Distribution of linked "o";"Q1111763";3
Distribution of linked "o";"19451213";3
Distribution of linked "o";"14920101";3
Distribution of linked "o";"Q429468";3
Distribution of linked "o";"19870220";3
Distribution of linked "o";"Q700029";3
Distribution of linked "o";"Q3163786";3
Distribution of linked "o";"Q22075508";3
Distribution of linked "o";"Q4251150";3
Distribution of linked "o";"19030412";3
Distribution of linked "o";"19490322";3
Distribution of linked "o";"19651018";3
Distribution of linked "o";"19800422";3
Distribution of linked "o";"19670221";3
Distribution of linked "o";"Q523371";3
Distribution of linked "o";"19570818";3
Distribution of linked "o";"19560131";3
Distribution of linked "o";"19710901";3
Distribution of linked "o";"19780419";3
Distribution of linked "o";"19451115";3
Distribution of linked "o";"Q4059240";3
Distribution of linked "o";"19110116";3
Distribution of linked "o";"Q322879";3
Distribution of linked "o";"20110926";3
Distribution of linked "o";"13200101";3
Distribution of linked "o";"Q300213";3
Distribution of linked "o";"Q937095";3
Distribution of linked "o";"Q639525";3
Distribution of linked "o";"Q604129";3
Distribution of linked "o";"19480704";3
Distribution of linked "o";"19340702";3
Distribution of linked "o";"15120101";3
Distribution of linked "o";"19630613";3
Distribution of linked "o";"Q5313546";3
Distribution of linked "o";"Q1140767";3
Distribution of linked "o";"19670921";3
Distribution of linked "o";"Q1378320";3
Distribution of linked "o";"Q464775";3
Distribution of linked "o";"16150101";3
Distribution of linked "o";"Q81566";3
Distribution of linked "o";"Q444031";3
Distribution of linked "o";"Q291297";3
Distribution of linked "o";"Q657865";3
Distribution of linked "o";"Q209895";3
Distribution of linked "o";"Q2270779";3
Distribution of linked "o";"Q10512";3
Distribution of linked "o";"Q598083";3
Distribution of linked "o";"Q837956";3
Distribution of linked "o";"12800101";3
Distribution of linked "o";"Q15848059";3
Distribution of linked "o";"19420822";3
Distribution of linked "o";"Q503321";3
Distribution of linked "o";"Q1500900";3
Distribution of linked "o";"Q386324";3
Distribution of linked "o";"19471001";3
Distribution of linked "o";"Q665977";3
Distribution of linked "o";"-03000101";3
Distribution of linked "o";"Q212819";3
Distribution of linked "o";"Q18640";3
Distribution of linked "o";"Q679176";3
Distribution of linked "o";"Q1635767";3
Distribution of linked "o";"Q223522";3
Distribution of linked "o";"Q7971948";3
Distribution of linked "o";"Q2663472";3
Distribution of linked "o";"Q2337392";3
Distribution of linked "o";"Q849221";3
Distribution of linked "o";"Q16536906";3
Distribution of linked "o";"Q482262";3
Distribution of linked "o";"Q646070";3
Distribution of linked "o";"Q1067178";3
Distribution of linked "o";"Q16637410";3
Distribution of linked "o";"Q7565407";3
Distribution of linked "o";"16500101";3
Distribution of linked "o";"Q2945336";3
Distribution of linked "o";"Q332642";3
Distribution of linked "o";"Q738427";3
Distribution of linked "o";"Q946257";3
Distribution of linked "o";"Q630348";3
Distribution of linked "o";"09000101";3
Distribution of linked "o";"Q255296";3
Distribution of linked "o";"Q2414175";3
Distribution of linked "o";"Q1103153";3
Distribution of linked "o";"Q192253";3
Distribution of linked "o";"Q4310665";3
Distribution of linked "o";"-12000101";3
Distribution of linked "o";"Q75684";3
Distribution of linked "o";"07000101";3
Distribution of linked "o";"Q186785";3
Distribution of linked "o";"Q7651809";3
Distribution of linked "o";"Q653119";3
Distribution of linked "o";"Q1140533";3
Distribution of linked "o";"Q329471";3
Distribution of linked "o";"Q818624";3
Distribution of linked "o";"Q9174376";3
Distribution of linked "o";"Q223620";3
Distribution of linked "o";"Q3590700";3
Distribution of linked "o";"Q12912941";3
Distribution of linked "o";"Q1279767";3
Distribution of linked "o";"Q431139";3
Distribution of linked "o";"Q161136";3
Distribution of linked "o";"Q639797";3
Distribution of linked "o";"Q7659507";3
Distribution of linked "o";"19640126";3
Distribution of linked "o";"19440524";3
Distribution of linked "o";"Q48925";3
Distribution of linked "o";"Q98416";3
Distribution of linked "o";"Q738876";3
Distribution of linked "o";"Q6244039";3
Distribution of linked "o";"Q666155";3
Distribution of linked "o";"Q849139";3
Distribution of linked "o";"Q258917";3
Distribution of linked "o";"-13000101";3
Distribution of linked "o";"Q609926";3
Distribution of linked "o";"Q693890";3
Distribution of linked "o";"Q1133701";3
Distribution of linked "o";"Q22948779";3
Distribution of linked "o";"Q430940";3
Distribution of linked "o";"Q301279";3
Distribution of linked "o";"Q40912";3
Distribution of linked "o";"Q2049635";3
Distribution of linked "o";"Q306787";3
Distribution of linked "o";"Q846062";3
Distribution of linked "o";"Q20639196";3
Distribution of linked "o";"Q738423";3
Distribution of linked "o";"Q4914526";3
Distribution of linked "o";"Q2916246";3
Distribution of linked "o";"Q310713";3
Distribution of linked "o";"Q2054127";3
Distribution of linked "o";"Q219264";3
Distribution of linked "o";"Q1269120";3
Distribution of linked "o";"19460819";3
Distribution of linked "o";"19610918";3
Distribution of linked "o";"Q57487";3
Distribution of linked "o";"Q838134";3
Distribution of linked "o";"Q272321";3
Distribution of linked "o";"Q7791866";3
Distribution of linked "o";"Q3723687";3
Distribution of linked "o";"Q151609";3
Distribution of linked "o";"Q263791";3
Distribution of linked "o";"Q169898";3
Distribution of linked "o";"Q192873";3
Distribution of linked "o";"Q19626";3
Distribution of linked "o";"Q1953914";3
Distribution of linked "o";"Q3590338";3
Distribution of linked "o";"Q6502281";3
Distribution of linked "o";"Q3844288";3
Distribution of linked "o";"Q12158";3
Distribution of linked "o";"Q10961701";3
Distribution of linked "o";"Q170703";3
Distribution of linked "o";"Q8248325";3
Distribution of linked "o";"Q388972";3
Distribution of linked "o";"Q724065";3
Distribution of linked "o";"Q4738632";3
Distribution of linked "o";"Q161345";3
Distribution of linked "o";"Q159893";3
Distribution of linked "o";"Q2881429";3
Distribution of linked "o";"Q634434";3
Distribution of linked "o";"Q2247534";3
Distribution of linked "o";"Q188143";3
Distribution of linked "o";"Q2184917";3
Distribution of linked "o";"Q837183";3
Distribution of linked "o";"Q580953";3
Distribution of linked "o";"Q8780";3
Distribution of linked "o";"Q870173";3
Distribution of linked "o";"Q1138191";3
Distribution of linked "o";"Q2349507";3
Distribution of linked "o";"Q382324";3
Distribution of linked "o";"Q4190347";3
Distribution of linked "o";"Q24474";3
Distribution of linked "o";"Q2661022";3
Distribution of linked "o";"Q22920050";3
Distribution of linked "o";"Q151973";3
Distribution of linked "o";"Q1126952";3
Distribution of linked "o";"Q22941605";3
Distribution of linked "o";"Q928607";3
Distribution of linked "o";"Q23925716";3
Distribution of linked "o";"Q22273837";3
Distribution of linked "o";"Q1262908";3
Distribution of linked "o";"Q24488369";3
Distribution of linked "o";"Q2141296";3
Distribution of linked "o";"Q3476102";3
Distribution of linked "o";"Q36311";3
Distribution of linked "o";"19840320";2
Distribution of linked "o";"Q536106";2
Distribution of linked "o";"19290504";2
Distribution of linked "o";"Q237324";2
Distribution of linked "o";"18810219";2
Distribution of linked "o";"19081211";2
Distribution of linked "o";"-03850000";2
Distribution of linked "o";"19420611";2
Distribution of linked "o";"20121108";2
Distribution of linked "o";"14310101";2
Distribution of linked "o";"14760101";2
Distribution of linked "o";"18780207";2
Distribution of linked "o";"19471120";2
Distribution of linked "o";"19170521";2
Distribution of linked "o";"19900726";2
Distribution of linked "o";"19531202";2
Distribution of linked "o";"19750508";2
Distribution of linked "o";"19020701";2
Distribution of linked "o";"18990802";2
Distribution of linked "o";"19730121";2
Distribution of linked "o";"19010820";2
Distribution of linked "o";"19550331";2
Distribution of linked "o";"19610424";2
Distribution of linked "o";"19530317";2
Distribution of linked "o";"18910424";2
Distribution of linked "o";"19790213";2
Distribution of linked "o";"19290131";2
Distribution of linked "o";"20110914";2
Distribution of linked "o";"19670521";2
Distribution of linked "o";"20070624";2
Distribution of linked "o";"19520105";2
Distribution of linked "o";"18870105";2
Distribution of linked "o";"17770814";2
Distribution of linked "o";"19750515";2
Distribution of linked "o";"Q270420";2
Distribution of linked "o";"18930307";2
Distribution of linked "o";"19521031";2
Distribution of linked "o";"19490612";2
Distribution of linked "o";"19581212";2
Distribution of linked "o";"18940302";2
Distribution of linked "o";"19800421";2
Distribution of linked "o";"20150413";2
Distribution of linked "o";"Q514420";2
Distribution of linked "o";"Q235416";2
Distribution of linked "o";"19820204";2
Distribution of linked "o";"20130218";2
Distribution of linked "o";"Q166496";2
Distribution of linked "o";"19691020";2
Distribution of linked "o";"Q181903";2
Distribution of linked "o";"Q392115";2
Distribution of linked "o";"19681207";2
Distribution of linked "o";"19260630";2
Distribution of linked "o";"19181111";2
Distribution of linked "o";"19470626";2
Distribution of linked "o";"18671222";2
Distribution of linked "o";"-06000101";2
Distribution of linked "o";"19291219";2
Distribution of linked "o";"18771112";2
Distribution of linked "o";"19801120";2
Distribution of linked "o";"19480113";2
Distribution of linked "o";"18320520";2
Distribution of linked "o";"18950124";2
Distribution of linked "o";"Q2578091";2
Distribution of linked "o";"19400621";2
Distribution of linked "o";"20050114";2
Distribution of linked "o";"19400917";2
Distribution of linked "o";"16400101";2
Distribution of linked "o";"17250101";2
Distribution of linked "o";"19261115";2
Distribution of linked "o";"19060311";2
Distribution of linked "o";"18321210";2
Distribution of linked "o";"19210429";2
Distribution of linked "o";"19791022";2
Distribution of linked "o";"19290128";2
Distribution of linked "o";"18760112";2
Distribution of linked "o";"19750612";2
Distribution of linked "o";"19900616";2
Distribution of linked "o";"00230101";2
Distribution of linked "o";"19300419";2
Distribution of linked "o";"Q172339";2
Distribution of linked "o";"18980731";2
Distribution of linked "o";"18360823";2
Distribution of linked "o";"18500104";2
Distribution of linked "o";"19770221";2
Distribution of linked "o";"19740411";2
Distribution of linked "o";"Q578721";2
Distribution of linked "o";"19170104";2
Distribution of linked "o";"18321208";2
Distribution of linked "o";"20121106";2
Distribution of linked "o";"18711018";2
Distribution of linked "o";"Q791164";2
Distribution of linked "o";"19590823";2
Distribution of linked "o";"19720730";2
Distribution of linked "o";"19680809";2
Distribution of linked "o";"19600510";2
Distribution of linked "o";"Q982889";2
Distribution of linked "o";"19631007";2
Distribution of linked "o";"19480809";2
Distribution of linked "o";"19680528";2
Distribution of linked "o";"Q198032";2
Distribution of linked "o";"19570510";2
Distribution of linked "o";"18970721";2
Distribution of linked "o";"19760830";2
Distribution of linked "o";"19701119";2
Distribution of linked "o";"18940616";2
Distribution of linked "o";"19340411";2
Distribution of linked "o";"15800101";2
Distribution of linked "o";"13400101";2
Distribution of linked "o";"13911114";2
Distribution of linked "o";"19410130";2
Distribution of linked "o";"19601127";2
Distribution of linked "o";"18900119";2
Distribution of linked "o";"19780425";2
Distribution of linked "o";"19500116";2
Distribution of linked "o";"19770903";2
Distribution of linked "o";"Q696507";2
Distribution of linked "o";"19830623";2
Distribution of linked "o";"19660209";2
Distribution of linked "o";"19500603";2
Distribution of linked "o";"19440719";2
Distribution of linked "o";"19470204";2
Distribution of linked "o";"19280105";2
Distribution of linked "o";"19860128";2
Distribution of linked "o";"17600101";2
Distribution of linked "o";"18561015";2
Distribution of linked "o";"19550930";2
Distribution of linked "o";"18910829";2
Distribution of linked "o";"19390620";2
Distribution of linked "o";"19650105";2
Distribution of linked "o";"19800206";2
Distribution of linked "o";"19171021";2
Distribution of linked "o";"19530202";2
Distribution of linked "o";"19880129";2
Distribution of linked "o";"19010518";2
Distribution of linked "o";"Q1371345";2
Distribution of linked "o";"19860417";2
Distribution of linked "o";"19810116";2
Distribution of linked "o";"19321011";2
Distribution of linked "o";"20080725";2
Distribution of linked "o";"19770914";2
Distribution of linked "o";"Q334634";2
Distribution of linked "o";"Q7579573";2
Distribution of linked "o";"18580625";2
Distribution of linked "o";"17900101";2
Distribution of linked "o";"19280407";2
Distribution of linked "o";"11310101";2
Distribution of linked "o";"19260906";2
Distribution of linked "o";"18980204";2
Distribution of linked "o";"18781028";2
Distribution of linked "o";"01000000";2
Distribution of linked "o";"19880117";2
Distribution of linked "o";"Q37156";2
Distribution of linked "o";"19800601";2
Distribution of linked "o";"19761102";2
Distribution of linked "o";"19750124";2
Distribution of linked "o";"19400112";2
Distribution of linked "o";"18940206";2
Distribution of linked "o";"18821111";2
Distribution of linked "o";"19650804";2
Distribution of linked "o";"18440308";2
Distribution of linked "o";"17481007";2
Distribution of linked "o";"18420211";2
Distribution of linked "o";"20070406";2
Distribution of linked "o";"19170211";2
Distribution of linked "o";"19290129";2
Distribution of linked "o";"19220822";2
Distribution of linked "o";"19760917";2
Distribution of linked "o";"19430710";2
Distribution of linked "o";"19900403";2
Distribution of linked "o";"19590728";2
Distribution of linked "o";"19940917";2
Distribution of linked "o";"20150529";2
Distribution of linked "o";"20020210";2
Distribution of linked "o";"19360819";2
Distribution of linked "o";"19540219";2
Distribution of linked "o";"19631220";2
Distribution of linked "o";"19700708";2
Distribution of linked "o";"19960227";2
Distribution of linked "o";"19620704";2
Distribution of linked "o";"Q782875";2
Distribution of linked "o";"19751004";2
Distribution of linked "o";"20061120";2
Distribution of linked "o";"18930228";2
Distribution of linked "o";"19561125";2
Distribution of linked "o";"19070925";2
Distribution of linked "o";"18930715";2
Distribution of linked "o";"19721209";2
Distribution of linked "o";"19261018";2
Distribution of linked "o";"19490206";2
Distribution of linked "o";"19900402";2
Distribution of linked "o";"19910816";2
Distribution of linked "o";"11130101";2
Distribution of linked "o";"19280106";2
Distribution of linked "o";"18810605";2
Distribution of linked "o";"19261015";2
Distribution of linked "o";"19730419";2
Distribution of linked "o";"19631128";2
Distribution of linked "o";"19591129";2
Distribution of linked "o";"20110303";2
Distribution of linked "o";"19191126";2
Distribution of linked "o";"20100410";2
Distribution of linked "o";"19821122";2
Distribution of linked "o";"11000000";2
Distribution of linked "o";"19491006";2
Distribution of linked "o";"19430205";2
Distribution of linked "o";"Q456187";2
Distribution of linked "o";"19640219";2
Distribution of linked "o";"19430423";2
Distribution of linked "o";"20050101";2
Distribution of linked "o";"19370112";2
Distribution of linked "o";"09250101";2
Distribution of linked "o";"Q286577";2
Distribution of linked "o";"19300121";2
Distribution of linked "o";"19321003";2
Distribution of linked "o";"Q297901";2
Distribution of linked "o";"Q964957";2
Distribution of linked "o";"Q15055309";2
Distribution of linked "o";"19660825";2
Distribution of linked "o";"19000323";2
Distribution of linked "o";"18681224";2
Distribution of linked "o";"19410111";2
Distribution of linked "o";"18800529";2
Distribution of linked "o";"19160618";2
Distribution of linked "o";"18610911";2
Distribution of linked "o";"19440808";2
Distribution of linked "o";"18900921";2
Distribution of linked "o";"18810530";2
Distribution of linked "o";"18840630";2
Distribution of linked "o";"18920612";2
Distribution of linked "o";"18960426";2
Distribution of linked "o";"18631213";2
Distribution of linked "o";"19331204";2
Distribution of linked "o";"Q156725";2
Distribution of linked "o";"19360622";2
Distribution of linked "o";"19640309";2
Distribution of linked "o";"18080127";2
Distribution of linked "o";"19510130";2
Distribution of linked "o";"19440915";2
Distribution of linked "o";"17670908";2
Distribution of linked "o";"20060803";2
Distribution of linked "o";"16040310";2
Distribution of linked "o";"19650525";2
Distribution of linked "o";"19740530";2
Distribution of linked "o";"19050323";2
Distribution of linked "o";"19560301";2
Distribution of linked "o";"19440721";2
Distribution of linked "o";"19400302";2
Distribution of linked "o";"19651025";2
Distribution of linked "o";"18850912";2
Distribution of linked "o";"18790527";2
Distribution of linked "o";"19420217";2
Distribution of linked "o";"19481225";2
Distribution of linked "o";"18920125";2
Distribution of linked "o";"Q89851";2
Distribution of linked "o";"19481008";2
Distribution of linked "o";"19580917";2
Distribution of linked "o";"19561001";2
Distribution of linked "o";"18890525";2
Distribution of linked "o";"19541209";2
Distribution of linked "o";"19510608";2
Distribution of linked "o";"19500523";2
Distribution of linked "o";"19430502";2
Distribution of linked "o";"19510427";2
Distribution of linked "o";"19520422";2
Distribution of linked "o";"19211220";2
Distribution of linked "o";"18531215";2
Distribution of linked "o";"19450508";2
Distribution of linked "o";"19520115";2
Distribution of linked "o";"19400620";2
Distribution of linked "o";"19100614";2
Distribution of linked "o";"19870808";2
Distribution of linked "o";"18871206";2
Distribution of linked "o";"19750919";2
Distribution of linked "o";"19500501";2
Distribution of linked "o";"19490201";2
Distribution of linked "o";"19560507";2
Distribution of linked "o";"19430419";2
Distribution of linked "o";"19821128";2
Distribution of linked "o";"19570124";2
Distribution of linked "o";"19451026";2
Distribution of linked "o";"19191001";2
Distribution of linked "o";"19821011";2
Distribution of linked "o";"19701115";2
Distribution of linked "o";"19700105";2
Distribution of linked "o";"Q2046312";2
Distribution of linked "o";"19330415";2
Distribution of linked "o";"19320929";2
Distribution of linked "o";"19680816";2
Distribution of linked "o";"Q646079";2
Distribution of linked "o";"19870716";2
Distribution of linked "o";"19141113";2
Distribution of linked "o";"19831014";2
Distribution of linked "o";"19871216";2
Distribution of linked "o";"19480129";2
Distribution of linked "o";"19880621";2
Distribution of linked "o";"19770608";2
Distribution of linked "o";"19490802";2
Distribution of linked "o";"19080428";2
Distribution of linked "o";"Q49119";2
Distribution of linked "o";"18980719";2
Distribution of linked "o";"Q21012297";2
Distribution of linked "o";"19730601";2
Distribution of linked "o";"19050319";2
Distribution of linked "o";"19810901";2
Distribution of linked "o";"18340318";2
Distribution of linked "o";"19880808";2
Distribution of linked "o";"18390822";2
Distribution of linked "o";"19480216";2
Distribution of linked "o";"18640126";2
Distribution of linked "o";"10740101";2
Distribution of linked "o";"19400425";2
Distribution of linked "o";"19690000";2
Distribution of linked "o";"15210510";2
Distribution of linked "o";"19350203";2
Distribution of linked "o";"14610101";2
Distribution of linked "o";"15210101";2
Distribution of linked "o";"18681016";2
Distribution of linked "o";"Q328295";2
Distribution of linked "o";"19881023";2
Distribution of linked "o";"20100321";2
Distribution of linked "o";"19930217";2
Distribution of linked "o";"19900621";2
Distribution of linked "o";"Q222837";2
Distribution of linked "o";"19061108";2
Distribution of linked "o";"19371116";2
Distribution of linked "o";"19741109";2
Distribution of linked "o";"18851203";2
Distribution of linked "o";"Q985";2
Distribution of linked "o";"Q455697";2
Distribution of linked "o";"19800903";2
Distribution of linked "o";"19161219";2
Distribution of linked "o";"19020220";2
Distribution of linked "o";"19310401";2
Distribution of linked "o";"19941003";2
Distribution of linked "o";"19120531";2
Distribution of linked "o";"19240419";2
Distribution of linked "o";"14350000";2
Distribution of linked "o";"18880415";2
Distribution of linked "o";"19460516";2
Distribution of linked "o";"20101105";2
Distribution of linked "o";"19840326";2
Distribution of linked "o";"19440224";2
Distribution of linked "o";"18880108";2
Distribution of linked "o";"19720127";2
Distribution of linked "o";"Q124354";2
Distribution of linked "o";"18830518";2
Distribution of linked "o";"18011211";2
Distribution of linked "o";"19280116";2
Distribution of linked "o";"19590112";2
Distribution of linked "o";"18940617";2
Distribution of linked "o";"18391107";2
Distribution of linked "o";"19000513";2
Distribution of linked "o";"19330816";2
Distribution of linked "o";"Q870764";2
Distribution of linked "o";"20130222";2
Distribution of linked "o";"19350719";2
Distribution of linked "o";"19921001";2
Distribution of linked "o";"Q85861";2
Distribution of linked "o";"16710330";2
Distribution of linked "o";"19230423";2
Distribution of linked "o";"19170126";2
Distribution of linked "o";"18340604";2
Distribution of linked "o";"19130513";2
Distribution of linked "o";"19170418";2
Distribution of linked "o";"19281002";2
Distribution of linked "o";"19350915";2
Distribution of linked "o";"16181226";2
Distribution of linked "o";"19040313";2
Distribution of linked "o";"19330831";2
Distribution of linked "o";"19330830";2
Distribution of linked "o";"13150101";2
Distribution of linked "o";"Q297430";2
Distribution of linked "o";"15530101";2
Distribution of linked "o";"18890422";2
Distribution of linked "o";"18811121";2
Distribution of linked "o";"19500805";2
Distribution of linked "o";"19051211";2
Distribution of linked "o";"19620716";2
Distribution of linked "o";"19500427";2
Distribution of linked "o";"19440724";2
Distribution of linked "o";"19050315";2
Distribution of linked "o";"19440810";2
Distribution of linked "o";"19710916";2
Distribution of linked "o";"18990417";2
Distribution of linked "o";"18290823";2
Distribution of linked "o";"19300920";2
Distribution of linked "o";"18950523";2
Distribution of linked "o";"18710831";2
Distribution of linked "o";"19900926";2
Distribution of linked "o";"19120322";2
Distribution of linked "o";"19761104";2
Distribution of linked "o";"19470818";2
Distribution of linked "o";"17940410";2
Distribution of linked "o";"19450424";2
Distribution of linked "o";"19621121";2
Distribution of linked "o";"Q1281608";2
Distribution of linked "o";"12060101";2
Distribution of linked "o";"19080527";2
Distribution of linked "o";"19190825";2
Distribution of linked "o";"18971130";2
Distribution of linked "o";"19450421";2
Distribution of linked "o";"19400303";2
Distribution of linked "o";"18990323";2
Distribution of linked "o";"18900114";2
Distribution of linked "o";"19310224";2
Distribution of linked "o";"19070313";2
Distribution of linked "o";"18870302";2
Distribution of linked "o";"19810307";2
Distribution of linked "o";"19730425";2
Distribution of linked "o";"19610915";2
Distribution of linked "o";"19590126";2
Distribution of linked "o";"19421127";2
Distribution of linked "o";"19340329";2
Distribution of linked "o";"16691104";2
Distribution of linked "o";"19251216";2
Distribution of linked "o";"19640802";2
Distribution of linked "o";"19390124";2
Distribution of linked "o";"19381125";2
Distribution of linked "o";"15030101";2
Distribution of linked "o";"18500902";2
Distribution of linked "o";"18811215";2
Distribution of linked "o";"19450123";2
Distribution of linked "o";"18780912";2
Distribution of linked "o";"19721130";2
Distribution of linked "o";"19831020";2
Distribution of linked "o";"19930126";2
Distribution of linked "o";"18880613";2
Distribution of linked "o";"Q1755534";2
Distribution of linked "o";"19661021";2
Distribution of linked "o";"18430623";2
Distribution of linked "o";"19130626";2
Distribution of linked "o";"Q54173";2
Distribution of linked "o";"19281208";2
Distribution of linked "o";"19191025";2
Distribution of linked "o";"19130628";2
Distribution of linked "o";"19440511";2
Distribution of linked "o";"19720117";2
Distribution of linked "o";"20011216";2
Distribution of linked "o";"19590730";2
Distribution of linked "o";"19541230";2
Distribution of linked "o";"18830914";2
Distribution of linked "o";"18341023";2
Distribution of linked "o";"18590806";2
Distribution of linked "o";"19810911";2
Distribution of linked "o";"13730101";2
Distribution of linked "o";"11800101";2
Distribution of linked "o";"18670803";2
Distribution of linked "o";"15340101";2
Distribution of linked "o";"Q153978";2
Distribution of linked "o";"Q154561";2
Distribution of linked "o";"19810612";2
Distribution of linked "o";"19531211";2
Distribution of linked "o";"19730711";2
Distribution of linked "o";"19440429";2
Distribution of linked "o";"20101014";2
Distribution of linked "o";"19700310";2
Distribution of linked "o";"19421113";2
Distribution of linked "o";"19620728";2
Distribution of linked "o";"16890101";2
Distribution of linked "o";"19481206";2
Distribution of linked "o";"19870626";2
Distribution of linked "o";"19440825";2
Distribution of linked "o";"09850101";2
Distribution of linked "o";"19070530";2
Distribution of linked "o";"20071128";2
Distribution of linked "o";"Q188656";2
Distribution of linked "o";"19941219";2
Distribution of linked "o";"02590101";2
Distribution of linked "o";"02740101";2
Distribution of linked "o";"18490324";2
Distribution of linked "o";"19840829";2
Distribution of linked "o";"19870805";2
Distribution of linked "o";"19430202";2
Distribution of linked "o";"19050705";2
Distribution of linked "o";"19290106";2
Distribution of linked "o";"19961203";2
Distribution of linked "o";"18530120";2
Distribution of linked "o";"19580603";2
Distribution of linked "o";"19121223";2
Distribution of linked "o";"19611213";2
Distribution of linked "o";"19720416";2
Distribution of linked "o";"18280707";2
Distribution of linked "o";"Q502539";2
Distribution of linked "o";"19740110";2
Distribution of linked "o";"20010313";2
Distribution of linked "o";"Q18232";2
Distribution of linked "o";"19490530";2
Distribution of linked "o";"18080410";2
Distribution of linked "o";"19171211";2
Distribution of linked "o";"19110302";2
Distribution of linked "o";"19701123";2
Distribution of linked "o";"18510907";2
Distribution of linked "o";"19581027";2
Distribution of linked "o";"18761004";2
Distribution of linked "o";"18950131";2
Distribution of linked "o";"18860421";2
Distribution of linked "o";"18010101";2
Distribution of linked "o";"Q255268";2
Distribution of linked "o";"19030609";2
Distribution of linked "o";"19640816";2
Distribution of linked "o";"12980101";2
Distribution of linked "o";"17960205";2
Distribution of linked "o";"19361122";2
Distribution of linked "o";"19150825";2
Distribution of linked "o";"18840313";2
Distribution of linked "o";"18780728";2
Distribution of linked "o";"19280516";2
Distribution of linked "o";"19160225";2
Distribution of linked "o";"20120718";2
Distribution of linked "o";"16290101";2
Distribution of linked "o";"19430226";2
Distribution of linked "o";"19781112";2
Distribution of linked "o";"19541016";2
Distribution of linked "o";"19830214";2
Distribution of linked "o";"Q58866";2
Distribution of linked "o";"19550529";2
Distribution of linked "o";"19571010";2
Distribution of linked "o";"19410625";2
Distribution of linked "o";"18861204";2
Distribution of linked "o";"18961110";2
Distribution of linked "o";"19710708";2
Distribution of linked "o";"12480101";2
Distribution of linked "o";"20030427";2
Distribution of linked "o";"18430729";2
Distribution of linked "o";"19110801";2
Distribution of linked "o";"18460309";2
Distribution of linked "o";"15310101";2
Distribution of linked "o";"19150306";2
Distribution of linked "o";"19880513";2
Distribution of linked "o";"19190528";2
Distribution of linked "o";"18320125";2
Distribution of linked "o";"18910623";2
Distribution of linked "o";"19000128";2
Distribution of linked "o";"19130421";2
Distribution of linked "o";"18930622";2
Distribution of linked "o";"19420831";2
Distribution of linked "o";"Q18684026";2
Distribution of linked "o";"19771227";2
Distribution of linked "o";"19391224";2
Distribution of linked "o";"19061203";2
Distribution of linked "o";"19441102";2
Distribution of linked "o";"19200331";2
Distribution of linked "o";"19000313";2
Distribution of linked "o";"19900627";2
Distribution of linked "o";"19800809";2
Distribution of linked "o";"19261126";2
Distribution of linked "o";"19700623";2
Distribution of linked "o";"17940101";2
Distribution of linked "o";"19590311";2
Distribution of linked "o";"19651002";2
Distribution of linked "o";"18850426";2
Distribution of linked "o";"19400705";2
Distribution of linked "o";"17980124";2
Distribution of linked "o";"19861113";2
Distribution of linked "o";"19200219";2
Distribution of linked "o";"20160626";2
Distribution of linked "o";"19110716";2
Distribution of linked "o";"14100101";2
Distribution of linked "o";"18731126";2
Distribution of linked "o";"19091216";2
Distribution of linked "o";"19120306";2
Distribution of linked "o";"18931026";2
Distribution of linked "o";"18590617";2
Distribution of linked "o";"12270930";2
Distribution of linked "o";"18860202";2
Distribution of linked "o";"19390507";2
Distribution of linked "o";"18600630";2
Distribution of linked "o";"18600701";2
Distribution of linked "o";"19110922";2
Distribution of linked "o";"19140112";2
Distribution of linked "o";"19090902";2
Distribution of linked "o";"19560529";2
Distribution of linked "o";"19321231";2
Distribution of linked "o";"19850513";2
Distribution of linked "o";"18891007";2
Distribution of linked "o";"19651230";2
Distribution of linked "o";"11030101";2
Distribution of linked "o";"18781108";2
Distribution of linked "o";"18840605";2
Distribution of linked "o";"19641007";2
Distribution of linked "o";"19490514";2
Distribution of linked "o";"15670101";2
Distribution of linked "o";"18110303";2
Distribution of linked "o";"19850927";2
Distribution of linked "o";"16680101";2
Distribution of linked "o";"19700902";2
Distribution of linked "o";"18570310";2
Distribution of linked "o";"18460628";2
Distribution of linked "o";"18860608";2
Distribution of linked "o";"14590515";2
Distribution of linked "o";"19860821";2
Distribution of linked "o";"19051209";2
Distribution of linked "o";"18980517";2
Distribution of linked "o";"19850114";2
Distribution of linked "o";"19220409";2
Distribution of linked "o";"19720124";2
Distribution of linked "o";"18060106";2
Distribution of linked "o";"19291104";2
Distribution of linked "o";"19800321";2
Distribution of linked "o";"18870410";2
Distribution of linked "o";"17040101";2
Distribution of linked "o";"19561220";2
Distribution of linked "o";"19121222";2
Distribution of linked "o";"19671129";2
Distribution of linked "o";"18930330";2
Distribution of linked "o";"18930320";2
Distribution of linked "o";"19730618";2
Distribution of linked "o";"19070601";2
Distribution of linked "o";"17890121";2
Distribution of linked "o";"20140527";2
Distribution of linked "o";"19050212";2
Distribution of linked "o";"Q8416";2
Distribution of linked "o";"19670915";2
Distribution of linked "o";"19421220";2
Distribution of linked "o";"19591013";2
Distribution of linked "o";"19090624";2
Distribution of linked "o";"19631110";2
Distribution of linked "o";"19651231";2
Distribution of linked "o";"18140104";2
Distribution of linked "o";"19030710";2
Distribution of linked "o";"19750404";2
Distribution of linked "o";"11950101";2
Distribution of linked "o";"12140101";2
Distribution of linked "o";"19091111";2
Distribution of linked "o";"19610206";2
Distribution of linked "o";"19430618";2
Distribution of linked "o";"19911226";2
Distribution of linked "o";"19450420";2
Distribution of linked "o";"18871111";2
Distribution of linked "o";"18030524";2
Distribution of linked "o";"19370604";2
Distribution of linked "o";"20040308";2
Distribution of linked "o";"18990223";2
Distribution of linked "o";"19041020";2
Distribution of linked "o";"19110507";2
Distribution of linked "o";"16320101";2
Distribution of linked "o";"12410101";2
Distribution of linked "o";"19691104";2
Distribution of linked "o";"19530620";2
Distribution of linked "o";"19140626";2
Distribution of linked "o";"16380803";2
Distribution of linked "o";"15920408";2
Distribution of linked "o";"19100618";2
Distribution of linked "o";"19561014";2
Distribution of linked "o";"19111106";2
Distribution of linked "o";"19790414";2
Distribution of linked "o";"18330712";2
Distribution of linked "o";"11300101";2
Distribution of linked "o";"19740308";2
Distribution of linked "o";"19601222";2
Distribution of linked "o";"19800420";2
Distribution of linked "o";"19670617";2
Distribution of linked "o";"19440807";2
Distribution of linked "o";"19370505";2
Distribution of linked "o";"19030610";2
Distribution of linked "o";"18300101";2
Distribution of linked "o";"19600120";2
Distribution of linked "o";"11660101";2
Distribution of linked "o";"11370101";2
Distribution of linked "o";"11810101";2
Distribution of linked "o";"19460902";2
Distribution of linked "o";"16050101";2
Distribution of linked "o";"18631229";2
Distribution of linked "o";"17140101";2
Distribution of linked "o";"17770101";2
Distribution of linked "o";"18891227";2
Distribution of linked "o";"19080405";2
Distribution of linked "o";"19580821";2
Distribution of linked "o";"16250101";2
Distribution of linked "o";"16990101";2
Distribution of linked "o";"19160416";2
Distribution of linked "o";"19810923";2
Distribution of linked "o";"18800805";2
Distribution of linked "o";"19400525";2
Distribution of linked "o";"18930916";2
Distribution of linked "o";"18370216";2
Distribution of linked "o";"18860405";2
Distribution of linked "o";"12020101";2
Distribution of linked "o";"19090608";2
Distribution of linked "o";"19781116";2
Distribution of linked "o";"19120929";2
Distribution of linked "o";"12110101";2
Distribution of linked "o";"Q704005";2
Distribution of linked "o";"19960101";2
Distribution of linked "o";"18831111";2
Distribution of linked "o";"19640102";2
Distribution of linked "o";"18850518";2
Distribution of linked "o";"19220909";2
Distribution of linked "o";"19720216";2
Distribution of linked "o";"19880512";2
Distribution of linked "o";"19390221";2
Distribution of linked "o";"19440121";2
Distribution of linked "o";"19930515";2
Distribution of linked "o";"Q156737";2
Distribution of linked "o";"19620823";2
Distribution of linked "o";"18490203";2
Distribution of linked "o";"19160628";2
Distribution of linked "o";"18801212";2
Distribution of linked "o";"19410202";2
Distribution of linked "o";"19031116";2
Distribution of linked "o";"19840926";2
Distribution of linked "o";"19480106";2
Distribution of linked "o";"20070206";2
Distribution of linked "o";"19660323";2
Distribution of linked "o";"19660404";2
Distribution of linked "o";"18830113";2
Distribution of linked "o";"19070120";2
Distribution of linked "o";"18851109";2
Distribution of linked "o";"18550702";2
Distribution of linked "o";"19420809";2
Distribution of linked "o";"19890919";2
Distribution of linked "o";"19450531";2
Distribution of linked "o";"19840712";2
Distribution of linked "o";"19131209";2
Distribution of linked "o";"19791019";2
Distribution of linked "o";"19290405";2
Distribution of linked "o";"19090813";2
Distribution of linked "o";"18491122";2
Distribution of linked "o";"19430721";2
Distribution of linked "o";"Q826731";2
Distribution of linked "o";"19160808";2
Distribution of linked "o";"Q874016";2
Distribution of linked "o";"19290629";2
Distribution of linked "o";"19000704";2
Distribution of linked "o";"19830814";2
Distribution of linked "o";"18940128";2
Distribution of linked "o";"18911029";2
Distribution of linked "o";"19980503";2
Distribution of linked "o";"19500612";2
Distribution of linked "o";"14370101";2
Distribution of linked "o";"15080101";2
Distribution of linked "o";"18810925";2
Distribution of linked "o";"19600625";2
Distribution of linked "o";"19790701";2
Distribution of linked "o";"19700322";2
Distribution of linked "o";"19770505";2
Distribution of linked "o";"18270715";2
Distribution of linked "o";"18820226";2
Distribution of linked "o";"Q967179";2
Distribution of linked "o";"19920717";2
Distribution of linked "o";"19830114";2
Distribution of linked "o";"19480227";2
Distribution of linked "o";"20060404";2
Distribution of linked "o";"20110629";2
Distribution of linked "o";"19790122";2
Distribution of linked "o";"19430909";2
Distribution of linked "o";"19121128";2
Distribution of linked "o";"18971011";2
Distribution of linked "o";"19841010";2
Distribution of linked "o";"18870826";2
Distribution of linked "o";"19580706";2
Distribution of linked "o";"17710101";2
Distribution of linked "o";"19111122";2
Distribution of linked "o";"19840530";2
Distribution of linked "o";"19440402";2
Distribution of linked "o";"19800502";2
Distribution of linked "o";"20021021";2
Distribution of linked "o";"18880329";2
Distribution of linked "o";"19430214";2
Distribution of linked "o";"19310123";2
Distribution of linked "o";"19541206";2
Distribution of linked "o";"18800928";2
Distribution of linked "o";"19801105";2
Distribution of linked "o";"18620715";2
Distribution of linked "o";"19390330";2
Distribution of linked "o";"Q189895";2
Distribution of linked "o";"19440723";2
Distribution of linked "o";"19010623";2
Distribution of linked "o";"Q51985";2
Distribution of linked "o";"19720812";2
Distribution of linked "o";"19620322";2
Distribution of linked "o";"20100503";2
Distribution of linked "o";"19641218";2
Distribution of linked "o";"19450926";2
Distribution of linked "o";"19480207";2
Distribution of linked "o";"19221031";2
Distribution of linked "o";"19430111";2
Distribution of linked "o";"18260304";2
Distribution of linked "o";"18810107";2
Distribution of linked "o";"18790817";2
Distribution of linked "o";"18820817";2
Distribution of linked "o";"18970220";2
Distribution of linked "o";"19141105";2
Distribution of linked "o";"19970418";2
Distribution of linked "o";"19440508";2
Distribution of linked "o";"Q4940708";2
Distribution of linked "o";"Q22994056";2
Distribution of linked "o";"18330505";2
Distribution of linked "o";"19130717";2
Distribution of linked "o";"16350101";2
Distribution of linked "o";"19760227";2
Distribution of linked "o";"19620517";2
Distribution of linked "o";"19740125";2
Distribution of linked "o";"18691113";2
Distribution of linked "o";"19301122";2
Distribution of linked "o";"18920118";2
Distribution of linked "o";"19430224";2
Distribution of linked "o";"Q5284870";2
Distribution of linked "o";"19540915";2
Distribution of linked "o";"19880318";2
Distribution of linked "o";"17970101";2
Distribution of linked "o";"18790509";2
Distribution of linked "o";"19251007";2
Distribution of linked "o";"19370405";2
Distribution of linked "o";"19090328";2
Distribution of linked "o";"19170720";2
Distribution of linked "o";"19011006";2
Distribution of linked "o";"18910523";2
Distribution of linked "o";"Q168426";2
Distribution of linked "o";"19740405";2
Distribution of linked "o";"19070728";2
Distribution of linked "o";"15720101";2
Distribution of linked "o";"18410928";2
Distribution of linked "o";"Q4333902";2
Distribution of linked "o";"19210218";2
Distribution of linked "o";"19550709";2
Distribution of linked "o";"19880703";2
Distribution of linked "o";"20110101";2
Distribution of linked "o";"19090401";2
Distribution of linked "o";"19900310";2
Distribution of linked "o";"18900812";2
Distribution of linked "o";"Q541011";2
Distribution of linked "o";"19670908";2
Distribution of linked "o";"19120523";2
Distribution of linked "o";"19101020";2
Distribution of linked "o";"19810630";2
Distribution of linked "o";"19191110";2
Distribution of linked "o";"19960106";2
Distribution of linked "o";"19610727";2
Distribution of linked "o";"17760101";2
Distribution of linked "o";"19880505";2
Distribution of linked "o";"20121120";2
Distribution of linked "o";"19700308";2
Distribution of linked "o";"18890207";2
Distribution of linked "o";"19681108";2
Distribution of linked "o";"19801013";2
Distribution of linked "o";"19701016";2
Distribution of linked "o";"19540531";2
Distribution of linked "o";"Q897399";2
Distribution of linked "o";"19670815";2
Distribution of linked "o";"19520905";2
Distribution of linked "o";"19500607";2
Distribution of linked "o";"19450305";2
Distribution of linked "o";"20020327";2
Distribution of linked "o";"19061230";2
Distribution of linked "o";"19781005";2
Distribution of linked "o";"19880321";2
Distribution of linked "o";"18060116";2
Distribution of linked "o";"17690914";2
Distribution of linked "o";"Q213161";2
Distribution of linked "o";"19800705";2
Distribution of linked "o";"19290605";2
Distribution of linked "o";"19390201";2
Distribution of linked "o";"19480111";2
Distribution of linked "o";"19571027";2
Distribution of linked "o";"18800223";2
Distribution of linked "o";"18680218";2
Distribution of linked "o";"19281025";2
Distribution of linked "o";"19740524";2
Distribution of linked "o";"16190101";2
Distribution of linked "o";"19350111";2
Distribution of linked "o";"19131121";2
Distribution of linked "o";"18950517";2
Distribution of linked "o";"19270929";2
Distribution of linked "o";"20051201";2
Distribution of linked "o";"19610429";2
Distribution of linked "o";"19911019";2
Distribution of linked "o";"18790428";2
Distribution of linked "o";"18801208";2
Distribution of linked "o";"19450731";2
Distribution of linked "o";"Q98883";2
Distribution of linked "o";"19610601";2
Distribution of linked "o";"17260501";2
Distribution of linked "o";"19450411";2
Distribution of linked "o";"19211222";2
Distribution of linked "o";"19640630";2
Distribution of linked "o";"14650101";2
Distribution of linked "o";"19290819";2
Distribution of linked "o";"18901108";2
Distribution of linked "o";"19610117";2
Distribution of linked "o";"19130125";2
Distribution of linked "o";"17290101";2
Distribution of linked "o";"19500923";2
Distribution of linked "o";"19580518";2
Distribution of linked "o";"19450121";2
Distribution of linked "o";"19440128";2
Distribution of linked "o";"18880830";2
Distribution of linked "o";"16040101";2
Distribution of linked "o";"19440908";2
Distribution of linked "o";"19180701";2
Distribution of linked "o";"19570205";2
Distribution of linked "o";"19810528";2
Distribution of linked "o";"20111122";2
Distribution of linked "o";"19931008";2
Distribution of linked "o";"18230128";2
Distribution of linked "o";"19080227";2
Distribution of linked "o";"19430308";2
Distribution of linked "o";"18190710";2
Distribution of linked "o";"18830223";2
Distribution of linked "o";"19600401";2
Distribution of linked "o";"16610101";2
Distribution of linked "o";"19190118";2
Distribution of linked "o";"20030523";2
Distribution of linked "o";"19040222";2
Distribution of linked "o";"19460219";2
Distribution of linked "o";"19200322";2
Distribution of linked "o";"19280624";2
Distribution of linked "o";"16230101";2
Distribution of linked "o";"19420916";2
Distribution of linked "o";"19040208";2
Distribution of linked "o";"18920114";2
Distribution of linked "o";"19500406";2
Distribution of linked "o";"19611225";2
Distribution of linked "o";"19690104";2
Distribution of linked "o";"15970101";2
Distribution of linked "o";"19271020";2
Distribution of linked "o";"19850525";2
Distribution of linked "o";"19440821";2
Distribution of linked "o";"18671217";2
Distribution of linked "o";"19210325";2
Distribution of linked "o";"19880404";2
Distribution of linked "o";"19930124";2
Distribution of linked "o";"19280227";2
Distribution of linked "o";"19910112";2
Distribution of linked "o";"20131231";2
Distribution of linked "o";"19040921";2
Distribution of linked "o";"19850630";2
Distribution of linked "o";"19420729";2
Distribution of linked "o";"19440804";2
Distribution of linked "o";"19470301";2
Distribution of linked "o";"19091102";2
Distribution of linked "o";"18840820";2
Distribution of linked "o";"19420515";2
Distribution of linked "o";"19421229";2
Distribution of linked "o";"19670120";2
Distribution of linked "o";"20141007";2
Distribution of linked "o";"18710327";2
Distribution of linked "o";"18300315";2
Distribution of linked "o";"15441223";2
Distribution of linked "o";"18800723";2
Distribution of linked "o";"19950828";2
Distribution of linked "o";"19331218";2
Distribution of linked "o";"19130813";2
Distribution of linked "o";"19470205";2
Distribution of linked "o";"19530705";2
Distribution of linked "o";"18541016";2
Distribution of linked "o";"18841125";2
Distribution of linked "o";"19340701";2
Distribution of linked "o";"19650212";2
Distribution of linked "o";"18870516";2
Distribution of linked "o";"19420601";2
Distribution of linked "o";"19490902";2
Distribution of linked "o";"19470109";2
Distribution of linked "o";"18781216";2
Distribution of linked "o";"19741125";2
Distribution of linked "o";"20090122";2
Distribution of linked "o";"19070625";2
Distribution of linked "o";"18990703";2
Distribution of linked "o";"19460623";2
Distribution of linked "o";"18850212";2
Distribution of linked "o";"18950924";2
Distribution of linked "o";"19570518";2
Distribution of linked "o";"19360725";2
Distribution of linked "o";"19900702";2
Distribution of linked "o";"19830812";2
Distribution of linked "o";"19610818";2
Distribution of linked "o";"17780703";2
Distribution of linked "o";"18900909";2
Distribution of linked "o";"18790808";2
Distribution of linked "o";"19800719";2
Distribution of linked "o";"18610924";2
Distribution of linked "o";"19881102";2
Distribution of linked "o";"19400520";2
Distribution of linked "o";"19401122";2
Distribution of linked "o";"19830615";2
Distribution of linked "o";"11410101";2
Distribution of linked "o";"16370101";2
Distribution of linked "o";"19811003";2
Distribution of linked "o";"18980925";2
Distribution of linked "o";"18861024";2
Distribution of linked "o";"18290303";2
Distribution of linked "o";"13890101";2
Distribution of linked "o";"19830710";2
Distribution of linked "o";"18871113";2
Distribution of linked "o";"19430922";2
Distribution of linked "o";"16870101";2
Distribution of linked "o";"16860101";2
Distribution of linked "o";"17520101";2
Distribution of linked "o";"19840919";2
Distribution of linked "o";"19560823";2
Distribution of linked "o";"19910515";2
Distribution of linked "o";"18940130";2
Distribution of linked "o";"19120210";2
Distribution of linked "o";"19060428";2
Distribution of linked "o";"19730823";2
Distribution of linked "o";"Q15220541";2
Distribution of linked "o";"18481231";2
Distribution of linked "o";"18900425";2
Distribution of linked "o";"19080226";2
Distribution of linked "o";"18481128";2
Distribution of linked "o";"19471227";2
Distribution of linked "o";"19861117";2
Distribution of linked "o";"19580103";2
Distribution of linked "o";"20080520";2
Distribution of linked "o";"19840205";2
Distribution of linked "o";"19420606";2
Distribution of linked "o";"19040123";2
Distribution of linked "o";"19440405";2
Distribution of linked "o";"12950101";2
Distribution of linked "o";"19020710";2
Distribution of linked "o";"19690326";2
Distribution of linked "o";"19750528";2
Distribution of linked "o";"18850415";2
Distribution of linked "o";"19570313";2
Distribution of linked "o";"19360918";2
Distribution of linked "o";"19601117";2
Distribution of linked "o";"18450222";2
Distribution of linked "o";"19750502";2
Distribution of linked "o";"18630608";2
Distribution of linked "o";"19280204";2
Distribution of linked "o";"20110904";2
Distribution of linked "o";"19071209";2
Distribution of linked "o";"19630223";2
Distribution of linked "o";"19610218";2
Distribution of linked "o";"19070311";2
Distribution of linked "o";"19610610";2
Distribution of linked "o";"18660424";2
Distribution of linked "o";"18650813";2
Distribution of linked "o";"19010807";2
Distribution of linked "o";"19470801";2
Distribution of linked "o";"19080213";2
Distribution of linked "o";"20120624";2
Distribution of linked "o";"19430718";2
Distribution of linked "o";"19300414";2
Distribution of linked "o";"19800204";2
Distribution of linked "o";"19000326";2
Distribution of linked "o";"20100130";2
Distribution of linked "o";"15990101";2
Distribution of linked "o";"19671125";2
Distribution of linked "o";"Q2122623";2
Distribution of linked "o";"18490510";2
Distribution of linked "o";"19350420";2
Distribution of linked "o";"Q88114";2
Distribution of linked "o";"19830301";2
Distribution of linked "o";"Q85232";2
Distribution of linked "o";"19441018";2
Distribution of linked "o";"18540330";2
Distribution of linked "o";"19550316";2
Distribution of linked "o";"19780125";2
Distribution of linked "o";"19480905";2
Distribution of linked "o";"19050723";2
Distribution of linked "o";"18980706";2
Distribution of linked "o";"19120829";2
Distribution of linked "o";"19620906";2
Distribution of linked "o";"18990916";2
Distribution of linked "o";"18870129";2
Distribution of linked "o";"18921117";2
Distribution of linked "o";"19860912";2
Distribution of linked "o";"19741208";2
Distribution of linked "o";"18420912";2
Distribution of linked "o";"18060717";2
Distribution of linked "o";"19280212";2
Distribution of linked "o";"19950908";2
Distribution of linked "o";"18900809";2
Distribution of linked "o";"19800811";2
Distribution of linked "o";"19490708";2
Distribution of linked "o";"18860129";2
Distribution of linked "o";"19271204";2
Distribution of linked "o";"18930331";2
Distribution of linked "o";"19540516";2
Distribution of linked "o";"19110415";2
Distribution of linked "o";"19520511";2
Distribution of linked "o";"18890222";2
Distribution of linked "o";"19660829";2
Distribution of linked "o";"19440210";2
Distribution of linked "o";"19290708";2
Distribution of linked "o";"18720714";2
Distribution of linked "o";"19721006";2
Distribution of linked "o";"19940517";2
Distribution of linked "o";"19050124";2
Distribution of linked "o";"19310903";2
Distribution of linked "o";"19180508";2
Distribution of linked "o";"18610615";2
Distribution of linked "o";"19390910";2
Distribution of linked "o";"19510317";2
Distribution of linked "o";"19471217";2
Distribution of linked "o";"19500605";2
Distribution of linked "o";"18850913";2
Distribution of linked "o";"19860407";2
Distribution of linked "o";"19841218";2
Distribution of linked "o";"Q1580314";2
Distribution of linked "o";"19270406";2
Distribution of linked "o";"20140416";2
Distribution of linked "o";"19780605";2
Distribution of linked "o";"Q350607";2
Distribution of linked "o";"19770525";2
Distribution of linked "o";"20100127";2
Distribution of linked "o";"Q216510";2
Distribution of linked "o";"19470125";2
Distribution of linked "o";"14710101";2
Distribution of linked "o";"19811027";2
Distribution of linked "o";"19871214";2
Distribution of linked "o";"Q112033";2
Distribution of linked "o";"20080405";2
Distribution of linked "o";"19170709";2
Distribution of linked "o";"14600101";2
Distribution of linked "o";"19161128";2
Distribution of linked "o";"19600909";2
Distribution of linked "o";"Q757418";2
Distribution of linked "o";"19230204";2
Distribution of linked "o";"19631122";2
Distribution of linked "o";"19520401";2
Distribution of linked "o";"Q3194619";2
Distribution of linked "o";"19760608";2
Distribution of linked "o";"19750000";2
Distribution of linked "o";"04970101";2
Distribution of linked "o";"19421226";2
Distribution of linked "o";"19431225";2
Distribution of linked "o";"19200211";2
Distribution of linked "o";"19890701";2
Distribution of linked "o";"19710401";2
Distribution of linked "o";"18571203";2
Distribution of linked "o";"19980319";2
Distribution of linked "o";"-04960101";2
Distribution of linked "o";"Q17505003";2
Distribution of linked "o";"19250106";2
Distribution of linked "o";"19931115";2
Distribution of linked "o";"Q255620";2
Distribution of linked "o";"16320000";2
Distribution of linked "o";"Q22442771";2
Distribution of linked "o";"19860816";2
Distribution of linked "o";"19731025";2
Distribution of linked "o";"19770224";2
Distribution of linked "o";"19450821";2
Distribution of linked "o";"19481127";2
Distribution of linked "o";"19400522";2
Distribution of linked "o";"19630828";2
Distribution of linked "o";"19590306";2
Distribution of linked "o";"19470215";2
Distribution of linked "o";"20030101";2
Distribution of linked "o";"20021202";2
Distribution of linked "o";"19060905";2
Distribution of linked "o";"19230209";2
Distribution of linked "o";"20070922";2
Distribution of linked "o";"19530211";2
Distribution of linked "o";"19610210";2
Distribution of linked "o";"18060722";2
Distribution of linked "o";"19001121";2
Distribution of linked "o";"18790927";2
Distribution of linked "o";"18950809";2
Distribution of linked "o";"19450903";2
Distribution of linked "o";"19780829";2
Distribution of linked "o";"19191219";2
Distribution of linked "o";"19110225";2
Distribution of linked "o";"20060606";2
Distribution of linked "o";"19671204";2
Distribution of linked "o";"19690620";2
Distribution of linked "o";"18730107";2
Distribution of linked "o";"19261213";2
Distribution of linked "o";"19000815";2
Distribution of linked "o";"19570923";2
Distribution of linked "o";"19391016";2
Distribution of linked "o";"19390908";2
Distribution of linked "o";"18841116";2
Distribution of linked "o";"19811114";2
Distribution of linked "o";"Q539471";2
Distribution of linked "o";"19940719";2
Distribution of linked "o";"16770101";2
Distribution of linked "o";"19600808";2
Distribution of linked "o";"18840123";2
Distribution of linked "o";"18850715";2
Distribution of linked "o";"19360628";2
Distribution of linked "o";"19070918";2
Distribution of linked "o";"19300825";2
Distribution of linked "o";"19500215";2
Distribution of linked "o";"19161005";2
Distribution of linked "o";"20100708";2
Distribution of linked "o";"19630516";2
Distribution of linked "o";"19731008";2
Distribution of linked "o";"Q4201581";2
Distribution of linked "o";"19190510";2
Distribution of linked "o";"19620803";2
Distribution of linked "o";"19600421";2
Distribution of linked "o";"19600422";2
Distribution of linked "o";"19440505";2
Distribution of linked "o";"19621102";2
Distribution of linked "o";"17210101";2
Distribution of linked "o";"19670301";2
Distribution of linked "o";"19410903";2
Distribution of linked "o";"19630629";2
Distribution of linked "o";"19371231";2
Distribution of linked "o";"19841229";2
Distribution of linked "o";"19071221";2
Distribution of linked "o";"19711224";2
Distribution of linked "o";"19480406";2
Distribution of linked "o";"19340609";2
Distribution of linked "o";"19541123";2
Distribution of linked "o";"19240707";2
Distribution of linked "o";"19650603";2
Distribution of linked "o";"18580822";2
Distribution of linked "o";"19340626";2
Distribution of linked "o";"19180207";2
Distribution of linked "o";"19680118";2
Distribution of linked "o";"19550417";2
Distribution of linked "o";"20061228";2
Distribution of linked "o";"19171115";2
Distribution of linked "o";"19030930";2
Distribution of linked "o";"18130603";2
Distribution of linked "o";"19070811";2
Distribution of linked "o";"19430115";2
Distribution of linked "o";"19101113";2
Distribution of linked "o";"19760909";2
Distribution of linked "o";"19810228";2
Distribution of linked "o";"14350101";2
Distribution of linked "o";"15130101";2
Distribution of linked "o";"19400702";2
Distribution of linked "o";"18320917";2
Distribution of linked "o";"19560107";2
Distribution of linked "o";"19970902";2
Distribution of linked "o";"19350730";2
Distribution of linked "o";"19060624";2
Distribution of linked "o";"19900106";2
Distribution of linked "o";"19390228";2
Distribution of linked "o";"19850122";2
Distribution of linked "o";"14150101";2
Distribution of linked "o";"18670510";2
Distribution of linked "o";"18410619";2
Distribution of linked "o";"16830101";2
Distribution of linked "o";"15840101";2
Distribution of linked "o";"14620101";2
Distribution of linked "o";"19020321";2
Distribution of linked "o";"18880810";2
Distribution of linked "o";"19780103";2
Distribution of linked "o";"19701110";2
Distribution of linked "o";"19080103";2
Distribution of linked "o";"18011023";2
Distribution of linked "o";"17370101";2
Distribution of linked "o";"19920121";2
Distribution of linked "o";"17950101";2
Distribution of linked "o";"18050421";2
Distribution of linked "o";"19340731";2
Distribution of linked "o";"19781030";2
Distribution of linked "o";"19420705";2
Distribution of linked "o";"20070811";2
Distribution of linked "o";"19301201";2
Distribution of linked "o";"20110103";2
Distribution of linked "o";"19450918";2
Distribution of linked "o";"19610221";2
Distribution of linked "o";"19100216";2
Distribution of linked "o";"19540203";2
Distribution of linked "o";"19030714";2
Distribution of linked "o";"19030829";2
Distribution of linked "o";"19721224";2
Distribution of linked "o";"19450701";2
Distribution of linked "o";"18131128";2
Distribution of linked "o";"19271120";2
Distribution of linked "o";"19800518";2
Distribution of linked "o";"19300310";2
Distribution of linked "o";"18780516";2
Distribution of linked "o";"19330821";2
Distribution of linked "o";"19600000";2
Distribution of linked "o";"19450312";2
Distribution of linked "o";"18960311";2
Distribution of linked "o";"18790816";2
Distribution of linked "o";"19610511";2
Distribution of linked "o";"19120428";2
Distribution of linked "o";"19990728";2
Distribution of linked "o";"19500507";2
Distribution of linked "o";"19340218";2
Distribution of linked "o";"19450225";2
Distribution of linked "o";"Q883036";2
Distribution of linked "o";"19530913";2
Distribution of linked "o";"19450512";2
Distribution of linked "o";"19960523";2
Distribution of linked "o";"11400101";2
Distribution of linked "o";"19530413";2
Distribution of linked "o";"19450426";2
Distribution of linked "o";"19000402";2
Distribution of linked "o";"18660515";2
Distribution of linked "o";"19470620";2
Distribution of linked "o";"19470720";2
Distribution of linked "o";"18790113";2
Distribution of linked "o";"19920516";2
Distribution of linked "o";"19440530";2
Distribution of linked "o";"19700520";2
Distribution of linked "o";"19150423";2
Distribution of linked "o";"19650429";2
Distribution of linked "o";"18620222";2
Distribution of linked "o";"20070101";2
Distribution of linked "o";"19200918";2
Distribution of linked "o";"20150326";2
Distribution of linked "o";"19041106";2
Distribution of linked "o";"19840611";2
Distribution of linked "o";"19330624";2
Distribution of linked "o";"19530509";2
Distribution of linked "o";"Q203453";2
Distribution of linked "o";"18960322";2
Distribution of linked "o";"19540201";2
Distribution of linked "o";"19161225";2
Distribution of linked "o";"19010127";2
Distribution of linked "o";"20130329";2
Distribution of linked "o";"19510717";2
Distribution of linked "o";"19711028";2
Distribution of linked "o";"19590117";2
Distribution of linked "o";"Q699732";2
Distribution of linked "o";"19240529";2
Distribution of linked "o";"19230105";2
Distribution of linked "o";"19790805";2
Distribution of linked "o";"19580718";2
Distribution of linked "o";"19430305";2
Distribution of linked "o";"19670624";2
Distribution of linked "o";"18720123";2
Distribution of linked "o";"19101129";2
Distribution of linked "o";"18160101";2
Distribution of linked "o";"19650405";2
Distribution of linked "o";"18660706";2
Distribution of linked "o";"18910516";2
Distribution of linked "o";"19881129";2
Distribution of linked "o";"19560330";2
Distribution of linked "o";"20030122";2
Distribution of linked "o";"15060101";2
Distribution of linked "o";"19120316";2
Distribution of linked "o";"19440420";2
Distribution of linked "o";"19130210";2
Distribution of linked "o";"19650825";2
Distribution of linked "o";"19570723";2
Distribution of linked "o";"19020403";2
Distribution of linked "o";"19900711";2
Distribution of linked "o";"19101222";2
Distribution of linked "o";"19041029";2
Distribution of linked "o";"18830905";2
Distribution of linked "o";"19150611";2
Distribution of linked "o";"19651201";2
Distribution of linked "o";"19331130";2
Distribution of linked "o";"19200201";2
Distribution of linked "o";"19450319";2
Distribution of linked "o";"19570526";2
Distribution of linked "o";"19321202";2
Distribution of linked "o";"18990518";2
Distribution of linked "o";"15700101";2
Distribution of linked "o";"19561028";2
Distribution of linked "o";"19110805";2
Distribution of linked "o";"19260620";2
Distribution of linked "o";"18871012";2
Distribution of linked "o";"19900716";2
Distribution of linked "o";"19671208";2
Distribution of linked "o";"19460704";2
Distribution of linked "o";"19131107";2
Distribution of linked "o";"18960128";2
Distribution of linked "o";"17650101";2
Distribution of linked "o";"19111117";2
Distribution of linked "o";"18860913";2
Distribution of linked "o";"19440303";2
Distribution of linked "o";"Q90334";2
Distribution of linked "o";"17360101";2
Distribution of linked "o";"14720101";2
Distribution of linked "o";"18951213";2
Distribution of linked "o";"19141211";2
Distribution of linked "o";"19210916";2
Distribution of linked "o";"20140303";2
Distribution of linked "o";"19881212";2
Distribution of linked "o";"18120415";2
Distribution of linked "o";"14400101";2
Distribution of linked "o";"18750520";2
Distribution of linked "o";"17941013";2
Distribution of linked "o";"19630423";2
Distribution of linked "o";"18070101";2
Distribution of linked "o";"19101008";2
Distribution of linked "o";"19560808";2
Distribution of linked "o";"19170216";2
Distribution of linked "o";"19940202";2
Distribution of linked "o";"18080101";2
Distribution of linked "o";"19460228";2
Distribution of linked "o";"18860628";2
Distribution of linked "o";"19390216";2
Distribution of linked "o";"19611218";2
Distribution of linked "o";"19530214";2
Distribution of linked "o";"19741018";2
Distribution of linked "o";"19031029";2
Distribution of linked "o";"19850210";2
Distribution of linked "o";"20021006";2
Distribution of linked "o";"19391216";2
Distribution of linked "o";"20050117";2
Distribution of linked "o";"18470101";2
Distribution of linked "o";"19820117";2
Distribution of linked "o";"19550612";2
Distribution of linked "o";"18940328";2
Distribution of linked "o";"19680125";2
Distribution of linked "o";"18690519";2
Distribution of linked "o";"19490529";2
Distribution of linked "o";"19450525";2
Distribution of linked "o";"19001005";2
Distribution of linked "o";"19400208";2
Distribution of linked "o";"19450313";2
Distribution of linked "o";"20040329";2
Distribution of linked "o";"17620101";2
Distribution of linked "o";"18520807";2
Distribution of linked "o";"18230701";2
Distribution of linked "o";"18600504";2
Distribution of linked "o";"19730108";2
Distribution of linked "o";"19620326";2
Distribution of linked "o";"19350331";2
Distribution of linked "o";"19040120";2
Distribution of linked "o";"18490620";2
Distribution of linked "o";"19371031";2
Distribution of linked "o";"19741010";2
Distribution of linked "o";"19560226";2
Distribution of linked "o";"19560218";2
Distribution of linked "o";"19091011";2
Distribution of linked "o";"Q648112";2
Distribution of linked "o";"19791023";2
Distribution of linked "o";"19630224";2
Distribution of linked "o";"18420610";2
Distribution of linked "o";"19651106";2
Distribution of linked "o";"17540101";2
Distribution of linked "o";"19120628";2
Distribution of linked "o";"20070718";2
Distribution of linked "o";"19660410";2
Distribution of linked "o";"19261017";2
Distribution of linked "o";"19681016";2
Distribution of linked "o";"19490808";2
Distribution of linked "o";"19410925";2
Distribution of linked "o";"18541006";2
Distribution of linked "o";"Q79044";2
Distribution of linked "o";"19761007";2
Distribution of linked "o";"18150101";2
Distribution of linked "o";"18921203";2
Distribution of linked "o";"19870111";2
Distribution of linked "o";"20051206";2
Distribution of linked "o";"17570101";2
Distribution of linked "o";"18300801";2
Distribution of linked "o";"19240227";2
Distribution of linked "o";"19480409";2
Distribution of linked "o";"17260101";2
Distribution of linked "o";"19401010";2
Distribution of linked "o";"19881202";2
Distribution of linked "o";"19890821";2
Distribution of linked "o";"18620214";2
Distribution of linked "o";"19420828";2
Distribution of linked "o";"19761216";2
Distribution of linked "o";"19820826";2
Distribution of linked "o";"Q690079";2
Distribution of linked "o";"19640223";2
Distribution of linked "o";"19281210";2
Distribution of linked "o";"19800906";2
Distribution of linked "o";"19601119";2
Distribution of linked "o";"19681122";2
Distribution of linked "o";"19461226";2
Distribution of linked "o";"19210811";2
Distribution of linked "o";"19270704";2
Distribution of linked "o";"19390902";2
Distribution of linked "o";"20010911";2
Distribution of linked "o";"19411109";2
Distribution of linked "o";"19900324";2
Distribution of linked "o";"19770503";2
Distribution of linked "o";"19630216";2
Distribution of linked "o";"Q223407";2
Distribution of linked "o";"20090128";2
Distribution of linked "o";"19371126";2
Distribution of linked "o";"19801003";2
Distribution of linked "o";"19810403";2
Distribution of linked "o";"18660802";2
Distribution of linked "o";"Q11961";2
Distribution of linked "o";"19701006";2
Distribution of linked "o";"19901130";2
Distribution of linked "o";"19850303";2
Distribution of linked "o";"19701008";2
Distribution of linked "o";"19270414";2
Distribution of linked "o";"20110913";2
Distribution of linked "o";"20151019";2
Distribution of linked "o";"19010213";2
Distribution of linked "o";"18580317";2
Distribution of linked "o";"20050322";2
Distribution of linked "o";"19790000";2
Distribution of linked "o";"13190101";2
Distribution of linked "o";"19110407";2
Distribution of linked "o";"19030128";2
Distribution of linked "o";"18930421";2
Distribution of linked "o";"17870101";2
Distribution of linked "o";"19760406";2
Distribution of linked "o";"19240624";2
Distribution of linked "o";"19630513";2
Distribution of linked "o";"Q5971876";2
Distribution of linked "o";"19920322";2
Distribution of linked "o";"18450418";2
Distribution of linked "o";"15650101";2
Distribution of linked "o";"19811202";2
Distribution of linked "o";"19840610";2
Distribution of linked "o";"Q215163";2
Distribution of linked "o";"19420824";2
Distribution of linked "o";"Q882";2
Distribution of linked "o";"Q47293";2
Distribution of linked "o";"19010516";2
Distribution of linked "o";"19730524";2
Distribution of linked "o";"17541125";2
Distribution of linked "o";"18830131";2
Distribution of linked "o";"19461008";2
Distribution of linked "o";"19471116";2
Distribution of linked "o";"19010927";2
Distribution of linked "o";"18990615";2
Distribution of linked "o";"19620213";2
Distribution of linked "o";"20060902";2
Distribution of linked "o";"19780703";2
Distribution of linked "o";"19280511";2
Distribution of linked "o";"19661015";2
Distribution of linked "o";"19391228";2
Distribution of linked "o";"15480101";2
Distribution of linked "o";"19260517";2
Distribution of linked "o";"19540326";2
Distribution of linked "o";"18040204";2
Distribution of linked "o";"16460101";2
Distribution of linked "o";"17320101";2
Distribution of linked "o";"19301130";2
Distribution of linked "o";"19330412";2
Distribution of linked "o";"Q479332";2
Distribution of linked "o";"18950709";2
Distribution of linked "o";"Q251061";2
Distribution of linked "o";"19371204";2
Distribution of linked "o";"19740809";2
Distribution of linked "o";"19481018";2
Distribution of linked "o";"16660101";2
Distribution of linked "o";"19370207";2
Distribution of linked "o";"11820101";2
Distribution of linked "o";"19480530";2
Distribution of linked "o";"17960324";2
Distribution of linked "o";"19240401";2
Distribution of linked "o";"19550130";2
Distribution of linked "o";"19230125";2
Distribution of linked "o";"19080315";2
Distribution of linked "o";"19530820";2
Distribution of linked "o";"18900505";2
Distribution of linked "o";"19710625";2
Distribution of linked "o";"18610218";2
Distribution of linked "o";"15190101";2
Distribution of linked "o";"10150101";2
Distribution of linked "o";"18250918";2
Distribution of linked "o";"19630515";2
Distribution of linked "o";"19710929";2
Distribution of linked "o";"19390112";2
Distribution of linked "o";"19720126";2
Distribution of linked "o";"19711231";2
Distribution of linked "o";"19010701";2
Distribution of linked "o";"18241228";2
Distribution of linked "o";"19690228";2
Distribution of linked "o";"19390222";2
Distribution of linked "o";"19060323";2
Distribution of linked "o";"15740101";2
Distribution of linked "o";"19810301";2
Distribution of linked "o";"19200914";2
Distribution of linked "o";"11500000";2
Distribution of linked "o";"Q1097523";2
Distribution of linked "o";"Q23885936";2
Distribution of linked "o";"19570904";2
Distribution of linked "o";"13430101";2
Distribution of linked "o";"18170305";2
Distribution of linked "o";"18950119";2
Distribution of linked "o";"19440117";2
Distribution of linked "o";"11450101";2
Distribution of linked "o";"19640414";2
Distribution of linked "o";"19100508";2
Distribution of linked "o";"19331227";2
Distribution of linked "o";"19441012";2
Distribution of linked "o";"19481119";2
Distribution of linked "o";"19590610";2
Distribution of linked "o";"20031102";2
Distribution of linked "o";"20070209";2
Distribution of linked "o";"19050324";2
Distribution of linked "o";"20050131";2
Distribution of linked "o";"18710125";2
Distribution of linked "o";"19990404";2
Distribution of linked "o";"18990211";2
Distribution of linked "o";"19500318";2
Distribution of linked "o";"20100907";2
Distribution of linked "o";"19371104";2
Distribution of linked "o";"19801220";2
Distribution of linked "o";"19251120";2
Distribution of linked "o";"18971018";2
Distribution of linked "o";"18101102";2
Distribution of linked "o";"18570511";2
Distribution of linked "o";"19280622";2
Distribution of linked "o";"19550114";2
Distribution of linked "o";"19720622";2
Distribution of linked "o";"20050310";2
Distribution of linked "o";"18411117";2
Distribution of linked "o";"20131125";2
Distribution of linked "o";"19621226";2
Distribution of linked "o";"19210822";2
Distribution of linked "o";"19730505";2
Distribution of linked "o";"19721017";2
Distribution of linked "o";"19421210";2
Distribution of linked "o";"19110129";2
Distribution of linked "o";"19490714";2
Distribution of linked "o";"19200402";2
Distribution of linked "o";"19380516";2
Distribution of linked "o";"19590304";2
Distribution of linked "o";"19580128";2
Distribution of linked "o";"19500331";2
Distribution of linked "o";"18330101";2
Distribution of linked "o";"19440924";2
Distribution of linked "o";"20081123";2
Distribution of linked "o";"19680106";2
Distribution of linked "o";"19980424";2
Distribution of linked "o";"19570406";2
Distribution of linked "o";"19490715";2
Distribution of linked "o";"19470723";2
Distribution of linked "o";"19611231";2
Distribution of linked "o";"19450105";2
Distribution of linked "o";"19170103";2
Distribution of linked "o";"19321027";2
Distribution of linked "o";"19460529";2
Distribution of linked "o";"16220101";2
Distribution of linked "o";"19710514";2
Distribution of linked "o";"19600404";2
Distribution of linked "o";"19600418";2
Distribution of linked "o";"20090722";2
Distribution of linked "o";"20120530";2
Distribution of linked "o";"19580508";2
Distribution of linked "o";"19930222";2
Distribution of linked "o";"19550215";2
Distribution of linked "o";"20120101";2
Distribution of linked "o";"19731225";2
Distribution of linked "o";"19561214";2
Distribution of linked "o";"19460528";2
Distribution of linked "o";"19900129";2
Distribution of linked "o";"19780219";2
Distribution of linked "o";"19680102";2
Distribution of linked "o";"19490414";2
Distribution of linked "o";"18770614";2
Distribution of linked "o";"19480924";2
Distribution of linked "o";"19450611";2
Distribution of linked "o";"19790912";2
Distribution of linked "o";"19890527";2
Distribution of linked "o";"15550101";2
Distribution of linked "o";"19700721";2
Distribution of linked "o";"19920415";2
Distribution of linked "o";"18881225";2
Distribution of linked "o";"19570624";2
Distribution of linked "o";"18841111";2
Distribution of linked "o";"19440312";2
Distribution of linked "o";"19460324";2
Distribution of linked "o";"19510513";2
Distribution of linked "o";"19780721";2
Distribution of linked "o";"19740716";2
Distribution of linked "o";"14750101";2
Distribution of linked "o";"15820828";2
Distribution of linked "o";"19190128";2
Distribution of linked "o";"19690710";2
Distribution of linked "o";"18960915";2
Distribution of linked "o";"19680226";2
Distribution of linked "o";"19880506";2
Distribution of linked "o";"17470101";2
Distribution of linked "o";"19810618";2
Distribution of linked "o";"19670821";2
Distribution of linked "o";"19841004";2
Distribution of linked "o";"13230101";2
Distribution of linked "o";"19910212";2
Distribution of linked "o";"20070905";2
Distribution of linked "o";"20050918";2
Distribution of linked "o";"19800813";2
Distribution of linked "o";"19620409";2
Distribution of linked "o";"19881130";2
Distribution of linked "o";"19461006";2
Distribution of linked "o";"19230708";2
Distribution of linked "o";"18910920";2
Distribution of linked "o";"19630106";2
Distribution of linked "o";"19621127";2
Distribution of linked "o";"18590616";2
Distribution of linked "o";"19451125";2
Distribution of linked "o";"18750804";2
Distribution of linked "o";"16710101";2
Distribution of linked "o";"19061021";2
Distribution of linked "o";"19840928";2
Distribution of linked "o";"19710723";2
Distribution of linked "o";"19180626";2
Distribution of linked "o";"19580208";2
Distribution of linked "o";"13550101";2
Distribution of linked "o";"19131111";2
Distribution of linked "o";"Q3437315";2
Distribution of linked "o";"18740707";2
Distribution of linked "o";"19970916";2
Distribution of linked "o";"18601012";2
Distribution of linked "o";"19531223";2
Distribution of linked "o";"19480609";2
Distribution of linked "o";"19040524";2
Distribution of linked "o";"18310217";2
Distribution of linked "o";"19100119";2
Distribution of linked "o";"Q541477";2
Distribution of linked "o";"18960203";2
Distribution of linked "o";"19270927";2
Distribution of linked "o";"19250805";2
Distribution of linked "o";"19711017";2
Distribution of linked "o";"20100922";2
Distribution of linked "o";"19050513";2
Distribution of linked "o";"19380513";2
Distribution of linked "o";"19430414";2
Distribution of linked "o";"19501126";2
Distribution of linked "o";"18360908";2
Distribution of linked "o";"18901002";2
Distribution of linked "o";"19401101";2
Distribution of linked "o";"19200130";2
Distribution of linked "o";"18960210";2
Distribution of linked "o";"19880212";2
Distribution of linked "o";"Q110589";2
Distribution of linked "o";"19320916";2
Distribution of linked "o";"19111121";2
Distribution of linked "o";"Q485500";2
Distribution of linked "o";"18900418";2
Distribution of linked "o";"18691202";2
Distribution of linked "o";"18650723";2
Distribution of linked "o";"20070515";2
Distribution of linked "o";"17730101";2
Distribution of linked "o";"19491008";2
Distribution of linked "o";"19411006";2
Distribution of linked "o";"19731109";2
Distribution of linked "o";"19710624";2
Distribution of linked "o";"19090921";2
Distribution of linked "o";"19010923";2
Distribution of linked "o";"19010702";2
Distribution of linked "o";"19681110";2
Distribution of linked "o";"19100812";2
Distribution of linked "o";"19670727";2
Distribution of linked "o";"19770418";2
Distribution of linked "o";"19430617";2
Distribution of linked "o";"19410525";2
Distribution of linked "o";"19380528";2
Distribution of linked "o";"19700805";2
Distribution of linked "o";"19190722";2
Distribution of linked "o";"19310112";2
Distribution of linked "o";"19490211";2
Distribution of linked "o";"Q193582";2
Distribution of linked "o";"19440321";2
Distribution of linked "o";"19910111";2
Distribution of linked "o";"19431014";2
Distribution of linked "o";"19270502";2
Distribution of linked "o";"19020518";2
Distribution of linked "o";"19800622";2
Distribution of linked "o";"17530128";2
Distribution of linked "o";"19391226";2
Distribution of linked "o";"19490407";2
Distribution of linked "o";"19200412";2
Distribution of linked "o";"19700506";2
Distribution of linked "o";"19690726";2
Distribution of linked "o";"18921020";2
Distribution of linked "o";"Q6305724";2
Distribution of linked "o";"Q4115348";2
Distribution of linked "o";"19341013";2
Distribution of linked "o";"Q468084";2
Distribution of linked "o";"19251117";2
Distribution of linked "o";"13010101";2
Distribution of linked "o";"19751029";2
Distribution of linked "o";"18530920";2
Distribution of linked "o";"Q7660883";2
Distribution of linked "o";"19620903";2
Distribution of linked "o";"18140318";2
Distribution of linked "o";"Q711701";2
Distribution of linked "o";"19460530";2
Distribution of linked "o";"19480301";2
Distribution of linked "o";"19970107";2
Distribution of linked "o";"19480730";2
Distribution of linked "o";"19410301";2
Distribution of linked "o";"18741218";2
Distribution of linked "o";"19350502";2
Distribution of linked "o";"19840805";2
Distribution of linked "o";"19870825";2
Distribution of linked "o";"19840828";2
Distribution of linked "o";"19040226";2
Distribution of linked "o";"19880626";2
Distribution of linked "o";"19470115";2
Distribution of linked "o";"19741203";2
Distribution of linked "o";"19420722";2
Distribution of linked "o";"19390212";2
Distribution of linked "o";"19790913";2
Distribution of linked "o";"19401213";2
Distribution of linked "o";"19720418";2
Distribution of linked "o";"18950925";2
Distribution of linked "o";"19800202";2
Distribution of linked "o";"19650911";2
Distribution of linked "o";"18841001";2
Distribution of linked "o";"19490818";2
Distribution of linked "o";"19290104";2
Distribution of linked "o";"19451001";2
Distribution of linked "o";"12830101";2
Distribution of linked "o";"19651214";2
Distribution of linked "o";"19430330";2
Distribution of linked "o";"Q170157";2
Distribution of linked "o";"19850521";2
Distribution of linked "o";"20131001";2
Distribution of linked "o";"19520701";2
Distribution of linked "o";"18150816";2
Distribution of linked "o";"19051106";2
Distribution of linked "o";"16010101";2
Distribution of linked "o";"19680321";2
Distribution of linked "o";"20090302";2
Distribution of linked "o";"19000721";2
Distribution of linked "o";"19370219";2
Distribution of linked "o";"19900415";2
Distribution of linked "o";"19341113";2
Distribution of linked "o";"19830113";2
Distribution of linked "o";"19720413";2
Distribution of linked "o";"19570531";2
Distribution of linked "o";"19590315";2
Distribution of linked "o";"Q1368602";2
Distribution of linked "o";"18891208";2
Distribution of linked "o";"Q22327090";2
Distribution of linked "o";"19240130";2
Distribution of linked "o";"19771029";2
Distribution of linked "o";"19660315";2
Distribution of linked "o";"Q2891941";2
Distribution of linked "o";"19431217";2
Distribution of linked "o";"19111205";2
Distribution of linked "o";"19460606";2
Distribution of linked "o";"18960518";2
Distribution of linked "o";"19320521";2
Distribution of linked "o";"18790618";2
Distribution of linked "o";"19231213";2
Distribution of linked "o";"18960921";2
Distribution of linked "o";"19840125";2
Distribution of linked "o";"Q764179";2
Distribution of linked "o";"Q664521";2
Distribution of linked "o";"Q650592";2
Distribution of linked "o";"Q548467";2
Distribution of linked "o";"Q111472";2
Distribution of linked "o";"Q15224609";2
Distribution of linked "o";"19420507";2
Distribution of linked "o";"19621104";2
Distribution of linked "o";"18951101";2
Distribution of linked "o";"19370617";2
Distribution of linked "o";"19060528";2
Distribution of linked "o";"19460319";2
Distribution of linked "o";"Q1572591";2
Distribution of linked "o";"19560930";2
Distribution of linked "o";"19710727";2
Distribution of linked "o";"19550615";2
Distribution of linked "o";"Q218022";2
Distribution of linked "o";"Q14517156";2
Distribution of linked "o";"19200809";2
Distribution of linked "o";"19340103";2
Distribution of linked "o";"19311103";2
Distribution of linked "o";"19400926";2
Distribution of linked "o";"18880212";2
Distribution of linked "o";"19470314";2
Distribution of linked "o";"19510116";2
Distribution of linked "o";"20130815";2
Distribution of linked "o";"19370915";2
Distribution of linked "o";"Q1141929";2
Distribution of linked "o";"19710410";2
Distribution of linked "o";"18730727";2
Distribution of linked "o";"19330317";2
Distribution of linked "o";"18580415";2
Distribution of linked "o";"20160416";2
Distribution of linked "o";"18281108";2
Distribution of linked "o";"18861201";2
Distribution of linked "o";"Q434342";2
Distribution of linked "o";"19120414";2
Distribution of linked "o";"19690114";2
Distribution of linked "o";"19300924";2
Distribution of linked "o";"19781016";2
Distribution of linked "o";"19720102";2
Distribution of linked "o";"19820516";2
Distribution of linked "o";"19850427";2
Distribution of linked "o";"19340826";2
Distribution of linked "o";"20140829";2
Distribution of linked "o";"19440913";2
Distribution of linked "o";"19960508";2
Distribution of linked "o";"19231104";2
Distribution of linked "o";"19540307";2
Distribution of linked "o";"19530221";2
Distribution of linked "o";"18701130";2
Distribution of linked "o";"19550819";2
Distribution of linked "o";"19300629";2
Distribution of linked "o";"15590101";2
Distribution of linked "o";"Q54096";2
Distribution of linked "o";"19431107";2
Distribution of linked "o";"19220602";2
Distribution of linked "o";"19920305";2
Distribution of linked "o";"19700110";2
Distribution of linked "o";"19660221";2
Distribution of linked "o";"19550817";2
Distribution of linked "o";"Q7922530";2
Distribution of linked "o";"18910106";2
Distribution of linked "o";"19641016";2
Distribution of linked "o";"19640808";2
Distribution of linked "o";"19820205";2
Distribution of linked "o";"19730827";2
Distribution of linked "o";"19341004";2
Distribution of linked "o";"19640301";2
Distribution of linked "o";"18731015";2
Distribution of linked "o";"19481129";2
Distribution of linked "o";"Q6115039";2
Distribution of linked "o";"18781015";2
Distribution of linked "o";"19891213";2
Distribution of linked "o";"19600129";2
Distribution of linked "o";"19070119";2
Distribution of linked "o";"19170224";2
Distribution of linked "o";"19781025";2
Distribution of linked "o";"20080118";2
Distribution of linked "o";"Q23773306";2
Distribution of linked "o";"19650604";2
Distribution of linked "o";"19771129";2
Distribution of linked "o";"20150515";2
Distribution of linked "o";"19280306";2
Distribution of linked "o";"19400429";2
Distribution of linked "o";"19771016";2
Distribution of linked "o";"18951022";2
Distribution of linked "o";"19640116";2
Distribution of linked "o";"19331106";2
Distribution of linked "o";"19050222";2
Distribution of linked "o";"Q1898280";2
Distribution of linked "o";"18680425";2
Distribution of linked "o";"18531106";2
Distribution of linked "o";"18921218";2
Distribution of linked "o";"19080109";2
Distribution of linked "o";"19440422";2
Distribution of linked "o";"19200513";2
Distribution of linked "o";"19390202";2
Distribution of linked "o";"19381104";2
Distribution of linked "o";"18650510";2
Distribution of linked "o";"19621126";2
Distribution of linked "o";"19640515";2
Distribution of linked "o";"19430806";2
Distribution of linked "o";"Q819367";2
Distribution of linked "o";"Q533609";2
Distribution of linked "o";"19280805";2
Distribution of linked "o";"18900416";2
Distribution of linked "o";"15600000";2
Distribution of linked "o";"18651117";2
Distribution of linked "o";"19790717";2
Distribution of linked "o";"19660411";2
Distribution of linked "o";"19890228";2
Distribution of linked "o";"19711214";2
Distribution of linked "o";"19480818";2
Distribution of linked "o";"13580101";2
Distribution of linked "o";"19320721";2
Distribution of linked "o";"19340920";2
Distribution of linked "o";"17940611";2
Distribution of linked "o";"19060913";2
Distribution of linked "o";"19730323";2
Distribution of linked "o";"19800316";2
Distribution of linked "o";"19750824";2
Distribution of linked "o";"19771219";2
Distribution of linked "o";"19561228";2
Distribution of linked "o";"19820823";2
Distribution of linked "o";"19931022";2
Distribution of linked "o";"19800807";2
Distribution of linked "o";"19601121";2
Distribution of linked "o";"19351219";2
Distribution of linked "o";"19820808";2
Distribution of linked "o";"19330305";2
Distribution of linked "o";"19260402";2
Distribution of linked "o";"19440624";2
Distribution of linked "o";"19390504";2
Distribution of linked "o";"19351220";2
Distribution of linked "o";"19400911";2
Distribution of linked "o";"17851111";2
Distribution of linked "o";"19700508";2
Distribution of linked "o";"19760706";2
Distribution of linked "o";"18680227";2
Distribution of linked "o";"19500621";2
Distribution of linked "o";"Q216773";2
Distribution of linked "o";"19420125";2
Distribution of linked "o";"19480529";2
Distribution of linked "o";"19390508";2
Distribution of linked "o";"19460730";2
Distribution of linked "o";"18860506";2
Distribution of linked "o";"17850101";2
Distribution of linked "o";"19811201";2
Distribution of linked "o";"19461015";2
Distribution of linked "o";"19701028";2
Distribution of linked "o";"19100813";2
Distribution of linked "o";"19520417";2
Distribution of linked "o";"18880109";2
Distribution of linked "o";"20100515";2
Distribution of linked "o";"18900401";2
Distribution of linked "o";"19280426";2
Distribution of linked "o";"19980226";2
Distribution of linked "o";"19730326";2
Distribution of linked "o";"18840709";2
Distribution of linked "o";"19180624";2
Distribution of linked "o";"19650000";2
Distribution of linked "o";"19350726";2
Distribution of linked "o";"16430101";2
Distribution of linked "o";"19860626";2
Distribution of linked "o";"Q156975";2
Distribution of linked "o";"19680614";2
Distribution of linked "o";"Q1424451";2
Distribution of linked "o";"18900922";2
Distribution of linked "o";"19651227";2
Distribution of linked "o";"19791024";2
Distribution of linked "o";"19000615";2
Distribution of linked "o";"19860822";2
Distribution of linked "o";"19590907";2
Distribution of linked "o";"19990526";2
Distribution of linked "o";"19880819";2
Distribution of linked "o";"19680114";2
Distribution of linked "o";"Q706743";2
Distribution of linked "o";"19021106";2
Distribution of linked "o";"17440101";2
Distribution of linked "o";"19191008";2
Distribution of linked "o";"18931103";2
Distribution of linked "o";"-02000101";2
Distribution of linked "o";"-01000101";2
Distribution of linked "o";"18730405";2
Distribution of linked "o";"19340610";2
Distribution of linked "o";"19060319";2
Distribution of linked "o";"19660330";2
Distribution of linked "o";"19860721";2
Distribution of linked "o";"19040917";2
Distribution of linked "o";"19650308";2
Distribution of linked "o";"19660828";2
Distribution of linked "o";"19591205";2
Distribution of linked "o";"19890714";2
Distribution of linked "o";"18890512";2
Distribution of linked "o";"18890713";2
Distribution of linked "o";"15260101";2
Distribution of linked "o";"19821114";2
Distribution of linked "o";"18710113";2
Distribution of linked "o";"Q1684262";2
Distribution of linked "o";"19470108";2
Distribution of linked "o";"19331123";2
Distribution of linked "o";"19940823";2
Distribution of linked "o";"18600810";2
Distribution of linked "o";"19540410";2
Distribution of linked "o";"Q327238";2
Distribution of linked "o";"Q208228";2
Distribution of linked "o";"19050201";2
Distribution of linked "o";"19210715";2
Distribution of linked "o";"19190423";2
Distribution of linked "o";"19441017";2
Distribution of linked "o";"Q508322";2
Distribution of linked "o";"19810406";2
Distribution of linked "o";"19671122";2
Distribution of linked "o";"19811029";2
Distribution of linked "o";"19390714";2
Distribution of linked "o";"19750930";2
Distribution of linked "o";"Q1102341";2
Distribution of linked "o";"19100913";2
Distribution of linked "o";"19770312";2
Distribution of linked "o";"19370118";2
Distribution of linked "o";"19840417";2
Distribution of linked "o";"19791223";2
Distribution of linked "o";"19200921";2
Distribution of linked "o";"19570513";2
Distribution of linked "o";"19661229";2
Distribution of linked "o";"19450122";2
Distribution of linked "o";"19370626";2
Distribution of linked "o";"19560113";2
Distribution of linked "o";"19861222";2
Distribution of linked "o";"19860922";2
Distribution of linked "o";"19490605";2
Distribution of linked "o";"19180406";2
Distribution of linked "o";"05000101";2
Distribution of linked "o";"19241008";2
Distribution of linked "o";"19821208";2
Distribution of linked "o";"19410608";2
Distribution of linked "o";"19671206";2
Distribution of linked "o";"19710208";2
Distribution of linked "o";"19330225";2
Distribution of linked "o";"18140101";2
Distribution of linked "o";"19691124";2
Distribution of linked "o";"19900208";2
Distribution of linked "o";"19270511";2
Distribution of linked "o";"19180115";2
Distribution of linked "o";"19580928";2
Distribution of linked "o";"19290305";2
Distribution of linked "o";"Q212206";2
Distribution of linked "o";"19671227";2
Distribution of linked "o";"Q1474239";2
Distribution of linked "o";"19790905";2
Distribution of linked "o";"19420508";2
Distribution of linked "o";"19561020";2
Distribution of linked "o";"18911105";2
Distribution of linked "o";"19720521";2
Distribution of linked "o";"Q15858697";2
Distribution of linked "o";"19090917";2
Distribution of linked "o";"19190719";2
Distribution of linked "o";"19581002";2
Distribution of linked "o";"19141114";2
Distribution of linked "o";"19900824";2
Distribution of linked "o";"19660919";2
Distribution of linked "o";"19421225";2
Distribution of linked "o";"19290105";2
Distribution of linked "o";"19260526";2
Distribution of linked "o";"19310415";2
Distribution of linked "o";"19840724";2
Distribution of linked "o";"19630826";2
Distribution of linked "o";"19541201";2
Distribution of linked "o";"19400901";2
Distribution of linked "o";"19060430";2
Distribution of linked "o";"Q1661200";2
Distribution of linked "o";"19400122";2
Distribution of linked "o";"15220101";2
Distribution of linked "o";"15960101";2
Distribution of linked "o";"15700000";2
Distribution of linked "o";"Q794970";2
Distribution of linked "o";"18570813";2
Distribution of linked "o";"19300728";2
Distribution of linked "o";"-27000101";2
Distribution of linked "o";"19911122";2
Distribution of linked "o";"Q690929";2
Distribution of linked "o";"19680202";2
Distribution of linked "o";"19610105";2
Distribution of linked "o";"19181127";2
Distribution of linked "o";"19740410";2
Distribution of linked "o";"19720824";2
Distribution of linked "o";"19570414";2
Distribution of linked "o";"19460620";2
Distribution of linked "o";"19010116";2
Distribution of linked "o";"18301210";2
Distribution of linked "o";"19630716";2
Distribution of linked "o";"19791202";2
Distribution of linked "o";"18880508";2
Distribution of linked "o";"19251005";2
Distribution of linked "o";"19400731";2
Distribution of linked "o";"19600425";2
Distribution of linked "o";"19211214";2
Distribution of linked "o";"13600101";2
Distribution of linked "o";"Q1389072";2
Distribution of linked "o";"19540717";2
Distribution of linked "o";"Q468725";2
Distribution of linked "o";"19420123";2
Distribution of linked "o";"19930507";2
Distribution of linked "o";"19410212";2
Distribution of linked "o";"18620123";2
Distribution of linked "o";"Q330143";2
Distribution of linked "o";"Q4181431";2
Distribution of linked "o";"18750314";2
Distribution of linked "o";"19720807";2
Distribution of linked "o";"19640405";2
Distribution of linked "o";"19540826";2
Distribution of linked "o";"19440923";2
Distribution of linked "o";"19561113";2
Distribution of linked "o";"19460719";2
Distribution of linked "o";"18750901";2
Distribution of linked "o";"19620306";2
Distribution of linked "o";"19860528";2
Distribution of linked "o";"11500101";2
Distribution of linked "o";"Q221878";2
Distribution of linked "o";"18090328";2
Distribution of linked "o";"18750120";2
Distribution of linked "o";"-01900101";2
Distribution of linked "o";"Q643042";2
Distribution of linked "o";"19341116";2
Distribution of linked "o";"-09000101";2
Distribution of linked "o";"Q245162";2
Distribution of linked "o";"19870724";2
Distribution of linked "o";"Q186532";2
Distribution of linked "o";"19940913";2
Distribution of linked "o";"18550809";2
Distribution of linked "o";"Q2552872";2
Distribution of linked "o";"Q2212741";2
Distribution of linked "o";"Q2060356";2
Distribution of linked "o";"19900307";2
Distribution of linked "o";"Q2698432";2
Distribution of linked "o";"Q1044425";2
Distribution of linked "o";"17971103";2
Distribution of linked "o";"19900902";2
Distribution of linked "o";"Q412502";2
Distribution of linked "o";"Q3589624";2
Distribution of linked "o";"19511125";2
Distribution of linked "o";"Q462411";2
Distribution of linked "o";"19930221";2
Distribution of linked "o";"19870307";2
Distribution of linked "o";"Q13569909";2
Distribution of linked "o";"20121125";2
Distribution of linked "o";"19710416";2
Distribution of linked "o";"19650506";2
Distribution of linked "o";"Q556570";2
Distribution of linked "o";"Q509170";2
Distribution of linked "o";"Q712511";2
Distribution of linked "o";"09680101";2
Distribution of linked "o";"18570729";2
Distribution of linked "o";"-01240101";2
Distribution of linked "o";"Q527550";2
Distribution of linked "o";"Q690272";2
Distribution of linked "o";"Q244595";2
Distribution of linked "o";"Q55801";2
Distribution of linked "o";"Q1150127";2
Distribution of linked "o";"Q779698";2
Distribution of linked "o";"13780101";2
Distribution of linked "o";"19880501";2
Distribution of linked "o";"Q5014111";2
Distribution of linked "o";"19660909";2
Distribution of linked "o";"18930719";2
Distribution of linked "o";"Q24042958";2
Distribution of linked "o";"19820927";2
Distribution of linked "o";"Q5202721";2
Distribution of linked "o";"19730503";2
Distribution of linked "o";"08460101";2
Distribution of linked "o";"19451220";2
Distribution of linked "o";"Q275612";2
Distribution of linked "o";"11890101";2
Distribution of linked "o";"11550101";2
Distribution of linked "o";"Q5353161";2
Distribution of linked "o";"Q460279";2
Distribution of linked "o";"Q215302";2
Distribution of linked "o";"Q745356";2
Distribution of linked "o";"10500000";2
Distribution of linked "o";"19541218";2
Distribution of linked "o";"10840101";2
Distribution of linked "o";"14660101";2
Distribution of linked "o";"Q1061627";2
Distribution of linked "o";"20000109";2
Distribution of linked "o";"Q4764376";2
Distribution of linked "o";"Q7580073";2
Distribution of linked "o";"19811126";2
Distribution of linked "o";"Q87542";2
Distribution of linked "o";"19590520";2
Distribution of linked "o";"Q206585";2
Distribution of linked "o";"Q5147185";2
Distribution of linked "o";"Q218789";2
Distribution of linked "o";"Q2001956";2
Distribution of linked "o";"Q3400314";2
Distribution of linked "o";"19650109";2
Distribution of linked "o";"Q201143";2
Distribution of linked "o";"07950101";2
Distribution of linked "o";"19441223";2
Distribution of linked "o";"19870815";2
Distribution of linked "o";"Q4973791";2
Distribution of linked "o";"-30000101";2
Distribution of linked "o";"19890112";2
Distribution of linked "o";"20080512";2
Distribution of linked "o";"Q3469983";2
Distribution of linked "o";"05740101";2
Distribution of linked "o";"Q448948";2
Distribution of linked "o";"Q327670";2
Distribution of linked "o";"19570811";2
Distribution of linked "o";"19180717";2
Distribution of linked "o";"Q7442390";2
Distribution of linked "o";"08500101";2
Distribution of linked "o";"Q156404";2
Distribution of linked "o";"Q63373";2
Distribution of linked "o";"Q463070";2
Distribution of linked "o";"19360307";2
Distribution of linked "o";"05520101";2
Distribution of linked "o";"19010313";2
Distribution of linked "o";"19520823";2
Distribution of linked "o";"Q757046";2
Distribution of linked "o";"Q3660310";2
Distribution of linked "o";"11760101";2
Distribution of linked "o";"Q66408";2
Distribution of linked "o";"19890812";2
Distribution of linked "o";"Q94605";2
Distribution of linked "o";"Q320065";2
Distribution of linked "o";"Q160948";2
Distribution of linked "o";"19800125";2
Distribution of linked "o";"Q1653530";2
Distribution of linked "o";"12320101";2
Distribution of linked "o";"Q7550284";2
Distribution of linked "o";"19821125";2
Distribution of linked "o";"19841101";2
Distribution of linked "o";"Q796170";2
Distribution of linked "o";"Q22237226";2
Distribution of linked "o";"Q20036778";2
Distribution of linked "o";"Q1421829";2
Distribution of linked "o";"Q1348584";2
Distribution of linked "o";"Q484584";2
Distribution of linked "o";"Q483044";2
Distribution of linked "o";"Q4703189";2
Distribution of linked "o";"Q376635";2
Distribution of linked "o";"07780101";2
Distribution of linked "o";"17420513";2
Distribution of linked "o";"Q15410663";2
Distribution of linked "o";"14280101";2
Distribution of linked "o";"19940906";2
Distribution of linked "o";"Q1059186";2
Distribution of linked "o";"Q460724";2
Distribution of linked "o";"Q191789";2
Distribution of linked "o";"17320222";2
Distribution of linked "o";"17991214";2
Distribution of linked "o";"19660218";2
Distribution of linked "o";"Q14623681";2
Distribution of linked "o";"19520311";2
Distribution of linked "o";"20010511";2
Distribution of linked "o";"Q152019";2
Distribution of linked "o";"19460706";2
Distribution of linked "o";"15990600";2
Distribution of linked "o";"15990606";2
Distribution of linked "o";"16600806";2
Distribution of linked "o";"19420624";2
Distribution of linked "o";"19151125";2
Distribution of linked "o";"20061210";2
Distribution of linked "o";"18820707";2
Distribution of linked "o";"19420628";2
Distribution of linked "o";"18210409";2
Distribution of linked "o";"18670831";2
Distribution of linked "o";"19560318";2
Distribution of linked "o";"14730219";2
Distribution of linked "o";"15430524";2
Distribution of linked "o";"Q3374257";2
Distribution of linked "o";"19451112";2
Distribution of linked "o";"-00681001";2
Distribution of linked "o";"-00290810";2
Distribution of linked "o";"16060606";2
Distribution of linked "o";"16841001";2
Distribution of linked "o";"18981122";2
Distribution of linked "o";"14310401";2
Distribution of linked "o";"14640101";2
Distribution of linked "o";"Q1981049";2
Distribution of linked "o";"-04270000";2
Distribution of linked "o";"-03470000";2
Distribution of linked "o";"Q1271632";2
Distribution of linked "o";"19490622";2
Distribution of linked "o";"18830703";2
Distribution of linked "o";"19240603";2
Distribution of linked "o";"Q5829999";2
Distribution of linked "o";"19860614";2
Distribution of linked "o";"20121029";2
Distribution of linked "o";"18720716";2
Distribution of linked "o";"19280618";2
Distribution of linked "o";"Q68761";2
Distribution of linked "o";"Q685539";2
Distribution of linked "o";"Q31519";2
Distribution of linked "o";"18790314";2
Distribution of linked "o";"19550418";2
Distribution of linked "o";"19570422";2
Distribution of linked "o";"19210521";2
Distribution of linked "o";"19891214";2
Distribution of linked "o";"18960606";2
Distribution of linked "o";"19500917";2
Distribution of linked "o";"Q6294";2
Distribution of linked "o";"Q554175";2
Distribution of linked "o";"19171119";2
Distribution of linked "o";"19841031";2
Distribution of linked "o";"18031211";2
Distribution of linked "o";"18690308";2
Distribution of linked "o";"Q3080523";2
Distribution of linked "o";"19201209";2
Distribution of linked "o";"19180909";2
Distribution of linked "o";"20120129";2
Distribution of linked "o";"19081103";2
Distribution of linked "o";"20011109";2
Distribution of linked "o";"Q3742229";2
Distribution of linked "o";"19380408";2
Distribution of linked "o";"19221114";2
Distribution of linked "o";"20160216";2
Distribution of linked "o";"19050729";2
Distribution of linked "o";"19340921";2
Distribution of linked "o";"Q6960065";2
Distribution of linked "o";"20110502";2
Distribution of linked "o";"19010712";2
Distribution of linked "o";"18450426";2
Distribution of linked "o";"19221008";2
Distribution of linked "o";"18990508";2
Distribution of linked "o";"19920323";2
Distribution of linked "o";"18541122";2
Distribution of linked "o";"17860820";2
Distribution of linked "o";"Q57212";2
Distribution of linked "o";"Q61972";2
Distribution of linked "o";"17500728";2
Distribution of linked "o";"16850321";2
Distribution of linked "o";"16850331";2
Distribution of linked "o";"20090407";2
Distribution of linked "o";"-00701013";2
Distribution of linked "o";"-00190919";2
Distribution of linked "o";"00140819";2
Distribution of linked "o";"-00630000";2
Distribution of linked "o";"00320428";2
Distribution of linked "o";"00690416";2
Distribution of linked "o";"00391230";2
Distribution of linked "o";"00810913";2
Distribution of linked "o";"00760124";2
Distribution of linked "o";"01380710";2
Distribution of linked "o";"01880404";2
Distribution of linked "o";"02170408";2
Distribution of linked "o";"19170911";2
Distribution of linked "o";"19890928";2
Distribution of linked "o";"19600208";2
Distribution of linked "o";"19090331";2
Distribution of linked "o";"19450206";2
Distribution of linked "o";"18961230";2
Distribution of linked "o";"18780819";2
Distribution of linked "o";"19440801";2
Distribution of linked "o";"18130522";2
Distribution of linked "o";"18830213";2
Distribution of linked "o";"-12890101";2
Distribution of linked "o";"-12170101";2
Distribution of linked "o";"-11540101";2
Distribution of linked "o";"19230714";2
Distribution of linked "o";"19991107";2
Distribution of linked "o";"20040924";2
Distribution of linked "o";"19881002";2
Distribution of linked "o";"19840725";2
Distribution of linked "o";"19910614";2
Distribution of linked "o";"19871003";2
Distribution of linked "o";"19880325";2
Distribution of linked "o";"19760814";2
Distribution of linked "o";"19810830";2
Distribution of linked "o";"19880121";2
Distribution of linked "o";"19520205";2
Distribution of linked "o";"19300609";2
Distribution of linked "o";"19971124";2
Distribution of linked "o";"02250120";2
Distribution of linked "o";"02440211";2
Distribution of linked "o";"02490101";2
Distribution of linked "o";"02040101";2
Distribution of linked "o";"19651119";2
Distribution of linked "o";"18680823";2
Distribution of linked "o";"19441210";2
Distribution of linked "o";"19670914";2
Distribution of linked "o";"19931107";2
Distribution of linked "o";"19830407";2
Distribution of linked "o";"19900629";2
Distribution of linked "o";"Q288419";2
Distribution of linked "o";"Q19358934";2
Distribution of linked "o";"Q699532";2
Distribution of linked "o";"Q188841";2
Distribution of linked "o";"Q2857911";2
Distribution of linked "o";"Q6673";2
Distribution of linked "o";"11650000";2
Distribution of linked "o";"11600101";2
Distribution of linked "o";"Q2669959";2
Distribution of linked "o";"14540101";2
Distribution of linked "o";"Q284278";2
Distribution of linked "o";"-00740101";2
Distribution of linked "o";"Q76302";2
Distribution of linked "o";"Q5359936";2
Distribution of linked "o";"Q11662";2
Distribution of linked "o";"12260101";2
Distribution of linked "o";"19310302";2
Distribution of linked "o";"Q438786";2
Distribution of linked "o";"Q2361387";2
Distribution of linked "o";"14590101";2
Distribution of linked "o";"Q2409599";2
Distribution of linked "o";"Q1943555";2
Distribution of linked "o";"Q18519";2
Distribution of linked "o";"Q171329";2
Distribution of linked "o";"19550224";2
Distribution of linked "o";"Q18522";2
Distribution of linked "o";"Q9437";2
Distribution of linked "o";"Q3106835";2
Distribution of linked "o";"19551215";2
Distribution of linked "o";"19490703";2
Distribution of linked "o";"Q15291055";2
Distribution of linked "o";"Q21401579";2
Distribution of linked "o";"19410530";2
Distribution of linked "o";"Q622443";2
Distribution of linked "o";"Q212914";2
Distribution of linked "o";"Q4688829";2
Distribution of linked "o";"Q15904937";2
Distribution of linked "o";"Q1203676";2
Distribution of linked "o";"15860101";2
Distribution of linked "o";"19870804";2
Distribution of linked "o";"Q3459755";2
Distribution of linked "o";"Q26101945";2
Distribution of linked "o";"Q2884038";2
Distribution of linked "o";"19750803";2
Distribution of linked "o";"Q337758";2
Distribution of linked "o";"Q3289333";2
Distribution of linked "o";"Q654486";2
Distribution of linked "o";"Q748294";2
Distribution of linked "o";"Q1136016";2
Distribution of linked "o";"Q39988";2
Distribution of linked "o";"Q1386850";2
Distribution of linked "o";"19771111";2
Distribution of linked "o";"Q938345";2
Distribution of linked "o";"Q16320";2
Distribution of linked "o";"Q294723";2
Distribution of linked "o";"Q738886";2
Distribution of linked "o";"Q4162926";2
Distribution of linked "o";"-16000101";2
Distribution of linked "o";"Q912844";2
Distribution of linked "o";"Q3590374";2
Distribution of linked "o";"Q4409821";2
Distribution of linked "o";"Q316596";2
Distribution of linked "o";"Q389712";2
Distribution of linked "o";"20121111";2
Distribution of linked "o";"Q6431906";2
Distribution of linked "o";"Q157370";2
Distribution of linked "o";"Q677586";2
Distribution of linked "o";"Q61646";2
Distribution of linked "o";"Q4355033";2
Distribution of linked "o";"07700101";2
Distribution of linked "o";"Q234263";2
Distribution of linked "o";"Q7885389";2
Distribution of linked "o";"Q19864411";2
Distribution of linked "o";"Q7495390";2
Distribution of linked "o";"Q458536";2
Distribution of linked "o";"Q22249542";2
Distribution of linked "o";"Q4384946";2
Distribution of linked "o";"Q315547";2
Distribution of linked "o";"19920603";2
Distribution of linked "o";"Q189322";2
Distribution of linked "o";"Q22273839";2
Distribution of linked "o";"Q48843";2
Distribution of linked "o";"Q2466715";2
Distribution of linked "o";"Q744785";2
Distribution of linked "o";"Q17277973";2
Distribution of linked "o";"Q6525093";2
Distribution of linked "o";"Q203840";2
Distribution of linked "o";"-04600101";2
Distribution of linked "o";"Q54900";2
Distribution of linked "o";"Q333475";1
Distribution of linked "o";"19930120";1
Distribution of linked "o";"09700000";1
Distribution of linked "o";"10200000";1
Distribution of linked "o";"Q215976";1
Distribution of linked "o";"19640107";1
Distribution of linked "o";"Q6558096";1
Distribution of linked "o";"19370808";1
Distribution of linked "o";"19520604";1
Distribution of linked "o";"18490926";1
Distribution of linked "o";"19360227";1
Distribution of linked "o";"19311007";1
Distribution of linked "o";"02441222";1
Distribution of linked "o";"03111203";1
Distribution of linked "o";"19570921";1
Distribution of linked "o";"19460907";1
Distribution of linked "o";"20150402";1
Distribution of linked "o";"12230101";1
Distribution of linked "o";"-03860101";1
Distribution of linked "o";"-04460101";1
Distribution of linked "o";"-04480000";1
Distribution of linked "o";"-04440000";1
Distribution of linked "o";"18870613";1
Distribution of linked "o";"18960104";1
Distribution of linked "o";"18710130";1
Distribution of linked "o";"19740409";1
Distribution of linked "o";"-00060101";1
Distribution of linked "o";"00601130";1
Distribution of linked "o";"18211212";1
Distribution of linked "o";"18800508";1
Distribution of linked "o";"14691106";1
Distribution of linked "o";"14661106";1
Distribution of linked "o";"14660000";1
Distribution of linked "o";"15360722";1
Distribution of linked "o";"15360712";1
Distribution of linked "o";"16321024";1
Distribution of linked "o";"17230826";1
Distribution of linked "o";"18901215";1
Distribution of linked "o";"19630823";1
Distribution of linked "o";"19320528";1
Distribution of linked "o";"19920727";1
Distribution of linked "o";"00050101";1
Distribution of linked "o";"00800101";1
Distribution of linked "o";"03970101";1
Distribution of linked "o";"03390101";1
Distribution of linked "o";"17920513";1
Distribution of linked "o";"18350602";1
Distribution of linked "o";"19140820";1
Distribution of linked "o";"19451103";1
Distribution of linked "o";"19500201";1
Distribution of linked "o";"19820310";1
Distribution of linked "o";"19671217";1
Distribution of linked "o";"20140716";1
Distribution of linked "o";"19060131";1
Distribution of linked "o";"17990925";1
Distribution of linked "o";"18631206";1
Distribution of linked "o";"18670528";1
Distribution of linked "o";"19060617";1
Distribution of linked "o";"19330503";1
Distribution of linked "o";"17730213";1
Distribution of linked "o";"18450719";1
Distribution of linked "o";"19540113";1
Distribution of linked "o";"19521127";1
Distribution of linked "o";"19010207";1
Distribution of linked "o";"19870719";1
Distribution of linked "o";"19510524";1
Distribution of linked "o";"19561219";1
Distribution of linked "o";"19450830";1
Distribution of linked "o";"18160800";1
Distribution of linked "o";"19291014";1
Distribution of linked "o";"20151126";1
Distribution of linked "o";"Q599356";1
Distribution of linked "o";"19840608";1
Distribution of linked "o";"18401227";1
Distribution of linked "o";"19080303";1
Distribution of linked "o";"18310301";1
Distribution of linked "o";"18960420";1
Distribution of linked "o";"19170813";1
Distribution of linked "o";"18600520";1
Distribution of linked "o";"18100302";1
Distribution of linked "o";"19030720";1
Distribution of linked "o";"19790519";1
Distribution of linked "o";"00701028";1
Distribution of linked "o";"19921017";1
Distribution of linked "o";"09650510";1
Distribution of linked "o";"09220000";1
Distribution of linked "o";"09100000";1
Distribution of linked "o";"19830531";1
Distribution of linked "o";"07780416";1
Distribution of linked "o";"08400620";1
Distribution of linked "o";"14150715";1
Distribution of linked "o";"13720000";1
Distribution of linked "o";"Q116471";1
Distribution of linked "o";"19680315";1
Distribution of linked "o";"19550430";1
Distribution of linked "o";"19690222";1
Distribution of linked "o";"18900612";1
Distribution of linked "o";"19181031";1
Distribution of linked "o";"18450825";1
Distribution of linked "o";"18860613";1
Distribution of linked "o";"Q281352";1
Distribution of linked "o";"19691209";1
Distribution of linked "o";"Q924620";1
Distribution of linked "o";"19810428";1
Distribution of linked "o";"18910220";1
Distribution of linked "o";"19590930";1
Distribution of linked "o";"18040125";1
Distribution of linked "o";"18040126";1
Distribution of linked "o";"18850610";1
Distribution of linked "o";"Q1208086";1
Distribution of linked "o";"19760528";1
Distribution of linked "o";"Q5364442";1
Distribution of linked "o";"19420905";1
Distribution of linked "o";"19741211";1
Distribution of linked "o";"19870515";1
Distribution of linked "o";"19850914";1
Distribution of linked "o";"18001026";1
Distribution of linked "o";"19690930";1
Distribution of linked "o";"19620311";1
Distribution of linked "o";"18570218";1
Distribution of linked "o";"19200705";1
Distribution of linked "o";"19200704";1
Distribution of linked "o";"19840316";1
Distribution of linked "o";"19750711";1
Distribution of linked "o";"Q165980";1
Distribution of linked "o";"19500126";1
Distribution of linked "o";"20081011";1
Distribution of linked "o";"14911023";1
Distribution of linked "o";"15560731";1
Distribution of linked "o";"19290121";1
Distribution of linked "o";"19830402";1
Distribution of linked "o";"18020502";1
Distribution of linked "o";"18700404";1
Distribution of linked "o";"17560527";1
Distribution of linked "o";"18251013";1
Distribution of linked "o";"19481217";1
Distribution of linked "o";"19880227";1
Distribution of linked "o";"19630719";1
Distribution of linked "o";"19890322";1
Distribution of linked "o";"19660116";1
Distribution of linked "o";"20050927";1
Distribution of linked "o";"19710526";1
Distribution of linked "o";"18510309";1
Distribution of linked "o";"19600806";1
Distribution of linked "o";"Q44128";1
Distribution of linked "o";"19890622";1
Distribution of linked "o";"19800401";1
Distribution of linked "o";"19410928";1
Distribution of linked "o";"19940224";1
Distribution of linked "o";"19380914";1
Distribution of linked "o";"20040728";1
Distribution of linked "o";"18770905";1
Distribution of linked "o";"18400000";1
Distribution of linked "o";"Q842633";1
Distribution of linked "o";"19690727";1
Distribution of linked "o";"19170822";1
Distribution of linked "o";"20010621";1
Distribution of linked "o";"19400903";1
Distribution of linked "o";"14830306";1
Distribution of linked "o";"15400522";1
Distribution of linked "o";"19860129";1
Distribution of linked "o";"Q6791797";1
Distribution of linked "o";"18480319";1
Distribution of linked "o";"19290113";1
Distribution of linked "o";"15210508";1
Distribution of linked "o";"15971221";1
Distribution of linked "o";"19731028";1
Distribution of linked "o";"19770413";1
Distribution of linked "o";"19231020";1
Distribution of linked "o";"18710506";1
Distribution of linked "o";"19140331";1
Distribution of linked "o";"19530106";1
Distribution of linked "o";"19680709";1
Distribution of linked "o";"Q669109";1
Distribution of linked "o";"19820617";1
Distribution of linked "o";"19870904";1
Distribution of linked "o";"19220925";1
Distribution of linked "o";"19001123";1
Distribution of linked "o";"19520812";1
Distribution of linked "o";"15410706";1
Distribution of linked "o";"14780316";1
Distribution of linked "o";"19891013";1
Distribution of linked "o";"19271123";1
Distribution of linked "o";"Q1269122";1
Distribution of linked "o";"19930417";1
Distribution of linked "o";"19431123";1
Distribution of linked "o";"Q2689492";1
Distribution of linked "o";"Q1833697";1
Distribution of linked "o";"19910701";1
Distribution of linked "o";"19700707";1
Distribution of linked "o";"Q2485771";1
Distribution of linked "o";"19910227";1
Distribution of linked "o";"20110212";1
Distribution of linked "o";"19480403";1
Distribution of linked "o";"18950606";1
Distribution of linked "o";"19100510";1
Distribution of linked "o";"19700715";1
Distribution of linked "o";"19700815";1
Distribution of linked "o";"19770902";1
Distribution of linked "o";"19340130";1
Distribution of linked "o";"19510504";1
Distribution of linked "o";"19630129";1
Distribution of linked "o";"Q402922";1
Distribution of linked "o";"19800616";1
Distribution of linked "o";"18520505";1
Distribution of linked "o";"19341118";1
Distribution of linked "o";"18671122";1
Distribution of linked "o";"19080808";1
Distribution of linked "o";"18010412";1
Distribution of linked "o";"18430414";1
Distribution of linked "o";"20080514";1
Distribution of linked "o";"19030305";1
Distribution of linked "o";"18590309";1
Distribution of linked "o";"19870414";1
Distribution of linked "o";"18930924";1
Distribution of linked "o";"18630223";1
Distribution of linked "o";"19280830";1
Distribution of linked "o";"19801221";1
Distribution of linked "o";"19860511";1
Distribution of linked "o";"Q2299670";1
Distribution of linked "o";"19660403";1
Distribution of linked "o";"14450811";1
Distribution of linked "o";"13770101";1
Distribution of linked "o";"19430913";1
Distribution of linked "o";"18890904";1
Distribution of linked "o";"18180330";1
Distribution of linked "o";"18880311";1
Distribution of linked "o";"19800910";1
Distribution of linked "o";"Q209098";1
Distribution of linked "o";"19610905";1
Distribution of linked "o";"18770603";1
Distribution of linked "o";"19530323";1
Distribution of linked "o";"19530325";1
Distribution of linked "o";"19381123";1
Distribution of linked "o";"19540202";1
Distribution of linked "o";"19070520";1
Distribution of linked "o";"19210612";1
Distribution of linked "o";"20001204";1
Distribution of linked "o";"20010909";1
Distribution of linked "o";"19310216";1
Distribution of linked "o";"15400322";1
Distribution of linked "o";"17511117";1
Distribution of linked "o";"19640412";1
Distribution of linked "o";"18900630";1
Distribution of linked "o";"17120207";1
Distribution of linked "o";"16341229";1
Distribution of linked "o";"19311201";1
Distribution of linked "o";"Q680770";1
Distribution of linked "o";"19780609";1
Distribution of linked "o";"18501205";1
Distribution of linked "o";"19180420";1
Distribution of linked "o";"19100406";1
Distribution of linked "o";"19780620";1
Distribution of linked "o";"19381203";1
Distribution of linked "o";"19470601";1
Distribution of linked "o";"19420204";1
Distribution of linked "o";"19400927";1
Distribution of linked "o";"14870711";1
Distribution of linked "o";"14870000";1
Distribution of linked "o";"14990912";1
Distribution of linked "o";"14990000";1
Distribution of linked "o";"18071126";1
Distribution of linked "o";"18681119";1
Distribution of linked "o";"Q110604";1
Distribution of linked "o";"18490723";1
Distribution of linked "o";"19190923";1
Distribution of linked "o";"17700624";1
Distribution of linked "o";"06360101";1
Distribution of linked "o";"19830500";1
Distribution of linked "o";"19851129";1
Distribution of linked "o";"17290104";1
Distribution of linked "o";"18120304";1
Distribution of linked "o";"19421215";1
Distribution of linked "o";"19760304";1
Distribution of linked "o";"03120101";1
Distribution of linked "o";"02800000";1
Distribution of linked "o";"19970614";1
Distribution of linked "o";"19140518";1
Distribution of linked "o";"19890328";1
Distribution of linked "o";"18740608";1
Distribution of linked "o";"19900905";1
Distribution of linked "o";"19470707";1
Distribution of linked "o";"19210327";1
Distribution of linked "o";"20050129";1
Distribution of linked "o";"16610107";1
Distribution of linked "o";"17171216";1
Distribution of linked "o";"18021129";1
Distribution of linked "o";"18740714";1
Distribution of linked "o";"19490204";1
Distribution of linked "o";"20141102";1
Distribution of linked "o";"19411110";1
Distribution of linked "o";"18790521";1
Distribution of linked "o";"19661125";1
Distribution of linked "o";"18770204";1
Distribution of linked "o";"19570108";1
Distribution of linked "o";"19780529";1
Distribution of linked "o";"19161122";1
Distribution of linked "o";"19850710";1
Distribution of linked "o";"19340215";1
Distribution of linked "o";"19830131";1
Distribution of linked "o";"-00640101";1
Distribution of linked "o";"18670405";1
Distribution of linked "o";"19510508";1
Distribution of linked "o";"18530518";1
Distribution of linked "o";"19120711";1
Distribution of linked "o";"18720627";1
Distribution of linked "o";"19480522";1
Distribution of linked "o";"Q7960924";1
Distribution of linked "o";"19850506";1
Distribution of linked "o";"19410214";1
Distribution of linked "o";"19530126";1
Distribution of linked "o";"19191105";1
Distribution of linked "o";"19750408";1
Distribution of linked "o";"19610421";1
Distribution of linked "o";"19030825";1
Distribution of linked "o";"16870904";1
Distribution of linked "o";"19710201";1
Distribution of linked "o";"18960428";1
Distribution of linked "o";"17541123";1
Distribution of linked "o";"18330213";1
Distribution of linked "o";"Q5260770";1
Distribution of linked "o";"19820407";1
Distribution of linked "o";"20010807";1
Distribution of linked "o";"19100426";1
Distribution of linked "o";"19840420";1
Distribution of linked "o";"18890131";1
Distribution of linked "o";"18190625";1
Distribution of linked "o";"19200106";1
Distribution of linked "o";"19830601";1
Distribution of linked "o";"19070315";1
Distribution of linked "o";"19810623";1
Distribution of linked "o";"19240505";1
Distribution of linked "o";"20150819";1
Distribution of linked "o";"17911226";1
Distribution of linked "o";"19881004";1
Distribution of linked "o";"03751117";1
Distribution of linked "o";"03210703";1
Distribution of linked "o";"02600000";1
Distribution of linked "o";"19090530";1
Distribution of linked "o";"19860613";1
Distribution of linked "o";"18850813";1
Distribution of linked "o";"19521013";1
Distribution of linked "o";"03070216";1
Distribution of linked "o";"16350718";1
Distribution of linked "o";"17030303";1
Distribution of linked "o";"03920515";1
Distribution of linked "o";"03710101";1
Distribution of linked "o";"19170426";1
Distribution of linked "o";"19560528";1
Distribution of linked "o";"Q233022";1
Distribution of linked "o";"19651130";1
Distribution of linked "o";"19741024";1
Distribution of linked "o";"19080930";1
Distribution of linked "o";"00760101";1
Distribution of linked "o";"03351231";1
Distribution of linked "o";"17970830";1
Distribution of linked "o";"18510201";1
Distribution of linked "o";"19350107";1
Distribution of linked "o";"17030000";1
Distribution of linked "o";"09910101";1
Distribution of linked "o";"10490101";1
Distribution of linked "o";"19461020";1
Distribution of linked "o";"Q465517";1
Distribution of linked "o";"19680620";1
Distribution of linked "o";"19850203";1
Distribution of linked "o";"19670726";1
Distribution of linked "o";"19691125";1
Distribution of linked "o";"19690411";1
Distribution of linked "o";"19750305";1
Distribution of linked "o";"19640727";1
Distribution of linked "o";"19710209";1
Distribution of linked "o";"18860801";1
Distribution of linked "o";"Q823384";1
Distribution of linked "o";"19701113";1
Distribution of linked "o";"19461130";1
Distribution of linked "o";"19690612";1
Distribution of linked "o";"19600416";1
Distribution of linked "o";"Q1137993";1
Distribution of linked "o";"19611020";1
Distribution of linked "o";"19641020";1
Distribution of linked "o";"19540609";1
Distribution of linked "o";"19860911";1
Distribution of linked "o";"19820114";1
Distribution of linked "o";"Q11119639";1
Distribution of linked "o";"18921009";1
Distribution of linked "o";"18921010";1
Distribution of linked "o";"19750313";1
Distribution of linked "o";"12211123";1
Distribution of linked "o";"12230000";1
Distribution of linked "o";"12211126";1
Distribution of linked "o";"12840404";1
Distribution of linked "o";"12840000";1
Distribution of linked "o";"Q119798";1
Distribution of linked "o";"19690925";1
Distribution of linked "o";"12680000";1
Distribution of linked "o";"19600719";1
Distribution of linked "o";"00400101";1
Distribution of linked "o";"01050000";1
Distribution of linked "o";"Q12473900";1
Distribution of linked "o";"19710823";1
Distribution of linked "o";"19591212";1
Distribution of linked "o";"19670313";1
Distribution of linked "o";"19710731";1
Distribution of linked "o";"Q5219402";1
Distribution of linked "o";"19601130";1
Distribution of linked "o";"19790202";1
Distribution of linked "o";"19680510";1
Distribution of linked "o";"19041221";1
Distribution of linked "o";"19230505";1
Distribution of linked "o";"19910824";1
Distribution of linked "o";"19020511";1
Distribution of linked "o";"19850617";1
Distribution of linked "o";"18921014";1
Distribution of linked "o";"18970607";1
Distribution of linked "o";"19681230";1
Distribution of linked "o";"19491017";1
Distribution of linked "o";"18730326";1
Distribution of linked "o";"18340216";1
Distribution of linked "o";"19190809";1
Distribution of linked "o";"Q3350320";1
Distribution of linked "o";"19370601";1
Distribution of linked "o";"Q5598824";1
Distribution of linked "o";"19080713";1
Distribution of linked "o";"19821112";1
Distribution of linked "o";"Q744753";1
Distribution of linked "o";"19300109";1
Distribution of linked "o";"19990330";1
Distribution of linked "o";"19421112";1
Distribution of linked "o";"16610000";1
Distribution of linked "o";"17080000";1
Distribution of linked "o";"16170829";1
Distribution of linked "o";"20021001";1
Distribution of linked "o";"19251108";1
Distribution of linked "o";"Q1227400";1
Distribution of linked "o";"13891005";1
Distribution of linked "o";"14640810";1
Distribution of linked "o";"19410702";1
Distribution of linked "o";"18810326";1
Distribution of linked "o";"18890815";1
Distribution of linked "o";"19380321";1
Distribution of linked "o";"18940115";1
Distribution of linked "o";"18971215";1
Distribution of linked "o";"19830410";1
Distribution of linked "o";"19380112";1
Distribution of linked "o";"19740202";1
Distribution of linked "o";"19660619";1
Distribution of linked "o";"17170823";1
Distribution of linked "o";"17790525";1
Distribution of linked "o";"18940327";1
Distribution of linked "o";"19530618";1
Distribution of linked "o";"19190417";1
Distribution of linked "o";"19730624";1
Distribution of linked "o";"19471119";1
Distribution of linked "o";"Q4768775";1
Distribution of linked "o";"18240425";1
Distribution of linked "o";"19541014";1
Distribution of linked "o";"18780720";1
Distribution of linked "o";"15221203";1
Distribution of linked "o";"19891021";1
Distribution of linked "o";"20120521";1
Distribution of linked "o";"14740908";1
Distribution of linked "o";"15330706";1
Distribution of linked "o";"19890104";1
Distribution of linked "o";"18480515";1
Distribution of linked "o";"19050615";1
Distribution of linked "o";"19560818";1
Distribution of linked "o";"19141028";1
Distribution of linked "o";"19940818";1
Distribution of linked "o";"19671009";1
Distribution of linked "o";"19451127";1
Distribution of linked "o";"19451129";1
Distribution of linked "o";"Q271608";1
Distribution of linked "o";"19520818";1
Distribution of linked "o";"20090914";1
Distribution of linked "o";"18650127";1
Distribution of linked "o";"19540225";1
Distribution of linked "o";"20140310";1
Distribution of linked "o";"19301001";1
Distribution of linked "o";"19400127";1
Distribution of linked "o";"19410317";1
Distribution of linked "o";"18940701";1
Distribution of linked "o";"Q442258";1
Distribution of linked "o";"Q433129";1
Distribution of linked "o";"14751211";1
Distribution of linked "o";"15211201";1
Distribution of linked "o";"19630510";1
Distribution of linked "o";"19310720";1
Distribution of linked "o";"18940113";1
Distribution of linked "o";"19490405";1
Distribution of linked "o";"19390102";1
Distribution of linked "o";"18300415";1
Distribution of linked "o";"18801023";1
Distribution of linked "o";"18750114";1
Distribution of linked "o";"19650904";1
Distribution of linked "o";"18930326";1
Distribution of linked "o";"19780211";1
Distribution of linked "o";"18460210";1
Distribution of linked "o";"19270304";1
Distribution of linked "o";"19740526";1
Distribution of linked "o";"19530816";1
Distribution of linked "o";"18571015";1
Distribution of linked "o";"19240322";1
Distribution of linked "o";"19240323";1
Distribution of linked "o";"17950929";1
Distribution of linked "o";"18260725";1
Distribution of linked "o";"20050417";1
Distribution of linked "o";"19890225";1
Distribution of linked "o";"19790530";1
Distribution of linked "o";"19930106";1
Distribution of linked "o";"19551104";1
Distribution of linked "o";"20110822";1
Distribution of linked "o";"19040724";1
Distribution of linked "o";"19940722";1
Distribution of linked "o";"19940622";1
Distribution of linked "o";"19591202";1
Distribution of linked "o";"19350628";1
Distribution of linked "o";"19620929";1
Distribution of linked "o";"19830414";1
Distribution of linked "o";"16750211";1
Distribution of linked "o";"17451023";1
Distribution of linked "o";"18070213";1
Distribution of linked "o";"18940916";1
Distribution of linked "o";"15761012";1
Distribution of linked "o";"19400819";1
Distribution of linked "o";"18610106";1
Distribution of linked "o";"19470908";1
Distribution of linked "o";"15240911";1
Distribution of linked "o";"15851227";1
Distribution of linked "o";"19400913";1
Distribution of linked "o";"Q3010053";1
Distribution of linked "o";"17680904";1
Distribution of linked "o";"18480704";1
Distribution of linked "o";"19900725";1
Distribution of linked "o";"19800611";1
Distribution of linked "o";"20060916";1
Distribution of linked "o";"19551216";1
Distribution of linked "o";"19480910";1
Distribution of linked "o";"Q19628";1
Distribution of linked "o";"19740712";1
Distribution of linked "o";"19470724";1
Distribution of linked "o";"Q297525";1
Distribution of linked "o";"19511126";1
Distribution of linked "o";"19480808";1
Distribution of linked "o";"20061112";1
Distribution of linked "o";"19091025";1
Distribution of linked "o";"19551012";1
Distribution of linked "o";"20151027";1
Distribution of linked "o";"19910917";1
Distribution of linked "o";"19661007";1
Distribution of linked "o";"16610829";1
Distribution of linked "o";"16260101";1
Distribution of linked "o";"16681110";1
Distribution of linked "o";"17330911";1
Distribution of linked "o";"19830106";1
Distribution of linked "o";"Q490046";1
Distribution of linked "o";"19870325";1
Distribution of linked "o";"19641117";1
Distribution of linked "o";"18330220";1
Distribution of linked "o";"19070524";1
Distribution of linked "o";"19730520";1
Distribution of linked "o";"19500901";1
Distribution of linked "o";"19540405";1
Distribution of linked "o";"18170414";1
Distribution of linked "o";"18931012";1
Distribution of linked "o";"19400117";1
Distribution of linked "o";"Q51068";1
Distribution of linked "o";"19890314";1
Distribution of linked "o";"18920509";1
Distribution of linked "o";"19470622";1
Distribution of linked "o";"19121115";1
Distribution of linked "o";"19450807";1
Distribution of linked "o";"19480612";1
Distribution of linked "o";"19311013";1
Distribution of linked "o";"20000730";1
Distribution of linked "o";"19290625";1
Distribution of linked "o";"19100220";1
Distribution of linked "o";"20050828";1
Distribution of linked "o";"17370312";1
Distribution of linked "o";"17990813";1
Distribution of linked "o";"19060602";1
Distribution of linked "o";"19781128";1
Distribution of linked "o";"20141023";1
Distribution of linked "o";"19420927";1
Distribution of linked "o";"19720208";1
Distribution of linked "o";"19780723";1
Distribution of linked "o";"20041101";1
Distribution of linked "o";"19810000";1
Distribution of linked "o";"Q6153696";1
Distribution of linked "o";"19390726";1
Distribution of linked "o";"19940824";1
Distribution of linked "o";"20041230";1
Distribution of linked "o";"Q8062459";1
Distribution of linked "o";"19041218";1
Distribution of linked "o";"19041208";1
Distribution of linked "o";"19750308";1
Distribution of linked "o";"18990415";1
Distribution of linked "o";"19810222";1
Distribution of linked "o";"19200530";1
Distribution of linked "o";"19890702";1
Distribution of linked "o";"17810322";1
Distribution of linked "o";"18440602";1
Distribution of linked "o";"Q239301";1
Distribution of linked "o";"19981119";1
Distribution of linked "o";"19280530";1
Distribution of linked "o";"20120116";1
Distribution of linked "o";"-00830114";1
Distribution of linked "o";"-00300801";1
Distribution of linked "o";"17400502";1
Distribution of linked "o";"18211024";1
Distribution of linked "o";"18751113";1
Distribution of linked "o";"19321012";1
Distribution of linked "o";"19630207";1
Distribution of linked "o";"18440723";1
Distribution of linked "o";"18260318";1
Distribution of linked "o";"18640324";1
Distribution of linked "o";"19390207";1
Distribution of linked "o";"19200804";1
Distribution of linked "o";"19920527";1
Distribution of linked "o";"18750227";1
Distribution of linked "o";"19900318";1
Distribution of linked "o";"19470928";1
Distribution of linked "o";"19060706";1
Distribution of linked "o";"19901020";1
Distribution of linked "o";"Q865528";1
Distribution of linked "o";"19691024";1
Distribution of linked "o";"18790303";1
Distribution of linked "o";"19671115";1
Distribution of linked "o";"19900615";1
Distribution of linked "o";"19460419";1
Distribution of linked "o";"19730209";1
Distribution of linked "o";"20090206";1
Distribution of linked "o";"19401003";1
Distribution of linked "o";"19710724";1
Distribution of linked "o";"19780610";1
Distribution of linked "o";"19830423";1
Distribution of linked "o";"17400116";1
Distribution of linked "o";"17990926";1
Distribution of linked "o";"19610425";1
Distribution of linked "o";"19200830";1
Distribution of linked "o";"20080711";1
Distribution of linked "o";"18731014";1
Distribution of linked "o";"19370929";1
Distribution of linked "o";"19620323";1
Distribution of linked "o";"19701010";1
Distribution of linked "o";"19951214";1
Distribution of linked "o";"19650618";1
Distribution of linked "o";"19361030";1
Distribution of linked "o";"19730915";1
Distribution of linked "o";"19480618";1
Distribution of linked "o";"Q716685";1
Distribution of linked "o";"17630126";1
Distribution of linked "o";"18180205";1
Distribution of linked "o";"16111030";1
Distribution of linked "o";"15501004";1
Distribution of linked "o";"15921117";1
Distribution of linked "o";"15371220";1
Distribution of linked "o";"19070221";1
Distribution of linked "o";"19160608";1
Distribution of linked "o";"19970516";1
Distribution of linked "o";"18860918";1
Distribution of linked "o";"19730404";1
Distribution of linked "o";"19090817";1
Distribution of linked "o";"19660517";1
Distribution of linked "o";"19821110";1
Distribution of linked "o";"16790308";1
Distribution of linked "o";"17220218";1
Distribution of linked "o";"19960216";1
Distribution of linked "o";"Q6018486";1
Distribution of linked "o";"19611026";1
Distribution of linked "o";"Q19746106";1
Distribution of linked "o";"18620919";1
Distribution of linked "o";"19361209";1
Distribution of linked "o";"18710825";1
Distribution of linked "o";"19450616";1
Distribution of linked "o";"Q23123643";1
Distribution of linked "o";"19930206";1
Distribution of linked "o";"19190806";1
Distribution of linked "o";"20110531";1
Distribution of linked "o";"20141123";1
Distribution of linked "o";"19160901";1
Distribution of linked "o";"19890323";1
Distribution of linked "o";"Q2360403";1
Distribution of linked "o";"19340917";1
Distribution of linked "o";"19690621";1
Distribution of linked "o";"19520902";1
Distribution of linked "o";"19900504";1
Distribution of linked "o";"19811209";1
Distribution of linked "o";"09920525";1
Distribution of linked "o";"12260621";1
Distribution of linked "o";"12791207";1
Distribution of linked "o";"17501223";1
Distribution of linked "o";"18270505";1
Distribution of linked "o";"14591227";1
Distribution of linked "o";"15010617";1
Distribution of linked "o";"Q240113";1
Distribution of linked "o";"16290817";1
Distribution of linked "o";"16960617";1
Distribution of linked "o";"20091127";1
Distribution of linked "o";"19770603";1
Distribution of linked "o";"19890910";1
Distribution of linked "o";"Q237897";1
Distribution of linked "o";"19780403";1
Distribution of linked "o";"19900108";1
Distribution of linked "o";"19250620";1
Distribution of linked "o";"19570402";1
Distribution of linked "o";"18530821";1
Distribution of linked "o";"19371004";1
Distribution of linked "o";"18730712";1
Distribution of linked "o";"19460626";1
Distribution of linked "o";"20100523";1
Distribution of linked "o";"19550219";1
Distribution of linked "o";"18830819";1
Distribution of linked "o";"19890217";1
Distribution of linked "o";"19341109";1
Distribution of linked "o";"Q444325";1
Distribution of linked "o";"19490120";1
Distribution of linked "o";"19081016";1
Distribution of linked "o";"19850411";1
Distribution of linked "o";"12110516";1
Distribution of linked "o";"11320101";1
Distribution of linked "o";"16771020";1
Distribution of linked "o";"17660223";1
Distribution of linked "o";"16480520";1
Distribution of linked "o";"15950609";1
Distribution of linked "o";"14670101";1
Distribution of linked "o";"15480401";1
Distribution of linked "o";"19661205";1
Distribution of linked "o";"19791115";1
Distribution of linked "o";"19580405";1
Distribution of linked "o";"19410105";1
Distribution of linked "o";"19860810";1
Distribution of linked "o";"19940506";1
Distribution of linked "o";"Q3189052";1
Distribution of linked "o";"Q3590424";1
Distribution of linked "o";"19561018";1
Distribution of linked "o";"19120918";1
Distribution of linked "o";"19930320";1
Distribution of linked "o";"19381008";1
Distribution of linked "o";"Q3530673";1
Distribution of linked "o";"18860925";1
Distribution of linked "o";"19940317";1
Distribution of linked "o";"19110929";1
Distribution of linked "o";"19110928";1
Distribution of linked "o";"18430325";1
Distribution of linked "o";"19070327";1
Distribution of linked "o";"02530601";1
Distribution of linked "o";"19891207";1
Distribution of linked "o";"19920703";1
Distribution of linked "o";"19000302";1
Distribution of linked "o";"19500403";1
Distribution of linked "o";"19250220";1
Distribution of linked "o";"19530216";1
Distribution of linked "o";"20070316";1
Distribution of linked "o";"19210803";1
Distribution of linked "o";"Q1200079";1
Distribution of linked "o";"19090217";1
Distribution of linked "o";"19770703";1
Distribution of linked "o";"19530630";1
Distribution of linked "o";"Q1130457";1
Distribution of linked "o";"18940829";1
Distribution of linked "o";"Q302878";1
Distribution of linked "o";"Q4297950";1
Distribution of linked "o";"19451021";1
Distribution of linked "o";"19570529";1
Distribution of linked "o";"19360617";1
Distribution of linked "o";"-08280000";1
Distribution of linked "o";"16800223";1
Distribution of linked "o";"17670307";1
Distribution of linked "o";"19520627";1
Distribution of linked "o";"Q456668";1
Distribution of linked "o";"19060915";1
Distribution of linked "o";"19600221";1
Distribution of linked "o";"19410902";1
Distribution of linked "o";"19010925";1
Distribution of linked "o";"19991218";1
Distribution of linked "o";"19031212";1
Distribution of linked "o";"19631212";1
Distribution of linked "o";"19090712";1
Distribution of linked "o";"19660108";1
Distribution of linked "o";"19650108";1
Distribution of linked "o";"19640528";1
Distribution of linked "o";"19020506";1
Distribution of linked "o";"19570325";1
Distribution of linked "o";"19570326";1
Distribution of linked "o";"19020822";1
Distribution of linked "o";"20030908";1
Distribution of linked "o";"Q466703";1
Distribution of linked "o";"19911123";1
Distribution of linked "o";"Q142626";1
Distribution of linked "o";"Q18279643";1
Distribution of linked "o";"19390314";1
Distribution of linked "o";"19381103";1
Distribution of linked "o";"19220723";1
Distribution of linked "o";"20130307";1
Distribution of linked "o";"19051101";1
Distribution of linked "o";"18920128";1
Distribution of linked "o";"19570918";1
Distribution of linked "o";"Q3732025";1
Distribution of linked "o";"19210322";1
Distribution of linked "o";"20040604";1
Distribution of linked "o";"19050102";1
Distribution of linked "o";"11590101";1
Distribution of linked "o";"19490130";1
Distribution of linked "o";"20091028";1
Distribution of linked "o";"19160301";1
Distribution of linked "o";"20070124";1
Distribution of linked "o";"19591015";1
Distribution of linked "o";"18611206";1
Distribution of linked "o";"19831213";1
Distribution of linked "o";"19280107";1
Distribution of linked "o";"20080519";1
Distribution of linked "o";"19551009";1
Distribution of linked "o";"20100816";1
Distribution of linked "o";"19081207";1
Distribution of linked "o";"20020606";1
Distribution of linked "o";"19221019";1
Distribution of linked "o";"18950525";1
Distribution of linked "o";"18650517";1
Distribution of linked "o";"19120917";1
Distribution of linked "o";"19210124";1
Distribution of linked "o";"20070314";1
Distribution of linked "o";"18991224";1
Distribution of linked "o";"19500611";1
Distribution of linked "o";"20090118";1
Distribution of linked "o";"19240527";1
Distribution of linked "o";"19150601";1
Distribution of linked "o";"20060118";1
Distribution of linked "o";"19951216";1
Distribution of linked "o";"19390716";1
Distribution of linked "o";"19450109";1
Distribution of linked "o";"19550312";1
Distribution of linked "o";"19310423";1
Distribution of linked "o";"19930207";1
Distribution of linked "o";"18921029";1
Distribution of linked "o";"18911219";1
Distribution of linked "o";"19930730";1
Distribution of linked "o";"19930630";1
Distribution of linked "o";"19500913";1
Distribution of linked "o";"19270418";1
Distribution of linked "o";"20131028";1
Distribution of linked "o";"20150109";1
Distribution of linked "o";"19460622";1
Distribution of linked "o";"09650000";1
Distribution of linked "o";"19710227";1
Distribution of linked "o";"19430804";1
Distribution of linked "o";"18600716";1
Distribution of linked "o";"19300328";1
Distribution of linked "o";"Q6304423";1
Distribution of linked "o";"19390206";1
Distribution of linked "o";"Q161819";1
Distribution of linked "o";"19220726";1
Distribution of linked "o";"19190614";1
Distribution of linked "o";"20080120";1
Distribution of linked "o";"17390403";1
Distribution of linked "o";"18210216";1
Distribution of linked "o";"19261108";1
Distribution of linked "o";"19600921";1
Distribution of linked "o";"18960519";1
Distribution of linked "o";"19790319";1
Distribution of linked "o";"19530608";1
Distribution of linked "o";"09651011";1
Distribution of linked "o";"Q316141";1
Distribution of linked "o";"18521013";1
Distribution of linked "o";"18051128";1
Distribution of linked "o";"18040830";1
Distribution of linked "o";"18911227";1
Distribution of linked "o";"18060902";1
Distribution of linked "o";"18371021";1
Distribution of linked "o";"16510101";1
Distribution of linked "o";"17300620";1
Distribution of linked "o";"Q1022912";1
Distribution of linked "o";"19790510";1
Distribution of linked "o";"19851015";1
Distribution of linked "o";"18791009";1
Distribution of linked "o";"19600424";1
Distribution of linked "o";"18991217";1
Distribution of linked "o";"19600420";1
Distribution of linked "o";"18870722";1
Distribution of linked "o";"19751030";1
Distribution of linked "o";"16860524";1
Distribution of linked "o";"17360916";1
Distribution of linked "o";"18351031";1
Distribution of linked "o";"19170820";1
Distribution of linked "o";"18151031";1
Distribution of linked "o";"18970219";1
Distribution of linked "o";"19110316";1
Distribution of linked "o";"19360508";1
Distribution of linked "o";"18480525";1
Distribution of linked "o";"18871124";1
Distribution of linked "o";"19730609";1
Distribution of linked "o";"19730610";1
Distribution of linked "o";"19770304";1
Distribution of linked "o";"19770403";1
Distribution of linked "o";"18870822";1
Distribution of linked "o";"19790405";1
Distribution of linked "o";"19770402";1
Distribution of linked "o";"19220408";1
Distribution of linked "o";"18811204";1
Distribution of linked "o";"18900923";1
Distribution of linked "o";"19570201";1
Distribution of linked "o";"17930415";1
Distribution of linked "o";"18641123";1
Distribution of linked "o";"19660511";1
Distribution of linked "o";"18800629";1
Distribution of linked "o";"19440720";1
Distribution of linked "o";"19680525";1
Distribution of linked "o";"19720402";1
Distribution of linked "o";"19730702";1
Distribution of linked "o";"18951010";1
Distribution of linked "o";"19450712";1
Distribution of linked "o";"19411117";1
Distribution of linked "o";"18130318";1
Distribution of linked "o";"19670905";1
Distribution of linked "o";"18680712";1
Distribution of linked "o";"Q34433";1
Distribution of linked "o";"Q81092";1
Distribution of linked "o";"Q15714418";1
Distribution of linked "o";"Q24052967";1
Distribution of linked "o";"18740728";1
Distribution of linked "o";"19450413";1
Distribution of linked "o";"18820414";1
Distribution of linked "o";"19220419";1
Distribution of linked "o";"19930920";1
Distribution of linked "o";"18380116";1
Distribution of linked "o";"19170317";1
Distribution of linked "o";"18700320";1
Distribution of linked "o";"15730417";1
Distribution of linked "o";"16510927";1
Distribution of linked "o";"18740208";1
Distribution of linked "o";"18750903";1
Distribution of linked "o";"19570628";1
Distribution of linked "o";"19190320";1
Distribution of linked "o";"19830108";1
Distribution of linked "o";"19620818";1
Distribution of linked "o";"19831116";1
Distribution of linked "o";"19480121";1
Distribution of linked "o";"19511104";1
Distribution of linked "o";"Q63928";1
Distribution of linked "o";"18450512";1
Distribution of linked "o";"19151209";1
Distribution of linked "o";"20150123";1
Distribution of linked "o";"19240801";1
Distribution of linked "o";"19570424";1
Distribution of linked "o";"19331112";1
Distribution of linked "o";"18650525";1
Distribution of linked "o";"19320218";1
Distribution of linked "o";"19590328";1
Distribution of linked "o";"12610211";1
Distribution of linked "o";"13121109";1
Distribution of linked "o";"19520219";1
Distribution of linked "o";"16700316";1
Distribution of linked "o";"17901117";1
Distribution of linked "o";"18680926";1
Distribution of linked "o";"19390717";1
Distribution of linked "o";"19591018";1
Distribution of linked "o";"Q671930";1
Distribution of linked "o";"19611224";1
Distribution of linked "o";"19720829";1
Distribution of linked "o";"19571120";1
Distribution of linked "o";"19241208";1
Distribution of linked "o";"19120323";1
Distribution of linked "o";"19770616";1
Distribution of linked "o";"18900109";1
Distribution of linked "o";"19351221";1
Distribution of linked "o";"19201031";1
Distribution of linked "o";"20040123";1
Distribution of linked "o";"19741204";1
Distribution of linked "o";"18881004";1
Distribution of linked "o";"19710604";1
Distribution of linked "o";"19021101";1
Distribution of linked "o";"19870326";1
Distribution of linked "o";"19630330";1
Distribution of linked "o";"18880312";1
Distribution of linked "o";"19511110";1
Distribution of linked "o";"19641112";1
Distribution of linked "o";"19571211";1
Distribution of linked "o";"19571216";1
Distribution of linked "o";"18811009";1
Distribution of linked "o";"19600211";1
Distribution of linked "o";"19351211";1
Distribution of linked "o";"19520611";1
Distribution of linked "o";"19460930";1
Distribution of linked "o";"18540524";1
Distribution of linked "o";"19210911";1
Distribution of linked "o";"19350818";1
Distribution of linked "o";"19620104";1
Distribution of linked "o";"19490724";1
Distribution of linked "o";"19461214";1
Distribution of linked "o";"19501007";1
Distribution of linked "o";"18700325";1
Distribution of linked "o";"19640119";1
Distribution of linked "o";"18480421";1
Distribution of linked "o";"19361225";1
Distribution of linked "o";"19490305";1
Distribution of linked "o";"18681125";1
Distribution of linked "o";"19371009";1
Distribution of linked "o";"19561010";1
Distribution of linked "o";"16910828";1
Distribution of linked "o";"17501221";1
Distribution of linked "o";"18080830";1
Distribution of linked "o";"18920126";1
Distribution of linked "o";"17880921";1
Distribution of linked "o";"17880910";1
Distribution of linked "o";"18360127";1
Distribution of linked "o";"19071227";1
Distribution of linked "o";"19990102";1
Distribution of linked "o";"19721212";1
Distribution of linked "o";"19290606";1
Distribution of linked "o";"Q175309";1
Distribution of linked "o";"19910808";1
Distribution of linked "o";"18800804";1
Distribution of linked "o";"19390922";1
Distribution of linked "o";"19070204";1
Distribution of linked "o";"18970915";1
Distribution of linked "o";"19461024";1
Distribution of linked "o";"19740719";1
Distribution of linked "o";"Q537510";1
Distribution of linked "o";"19151213";1
Distribution of linked "o";"19820618";1
Distribution of linked "o";"19491117";1
Distribution of linked "o";"19450203";1
Distribution of linked "o";"19281126";1
Distribution of linked "o";"18630930";1
Distribution of linked "o";"19180309";1
Distribution of linked "o";"18640724";1
Distribution of linked "o";"19530701";1
Distribution of linked "o";"19441015";1
Distribution of linked "o";"16620711";1
Distribution of linked "o";"17260226";1
Distribution of linked "o";"19410527";1
Distribution of linked "o";"17510711";1
Distribution of linked "o";"17750510";1
Distribution of linked "o";"16670828";1
Distribution of linked "o";"17210315";1
Distribution of linked "o";"19670621";1
Distribution of linked "o";"16681030";1
Distribution of linked "o";"17050201";1
Distribution of linked "o";"18920630";1
Distribution of linked "o";"19490112";1
Distribution of linked "o";"18901228";1
Distribution of linked "o";"Q16333783";1
Distribution of linked "o";"16650317";1
Distribution of linked "o";"17290627";1
Distribution of linked "o";"18890615";1
Distribution of linked "o";"19680309";1
Distribution of linked "o";"19520619";1
Distribution of linked "o";"19670708";1
Distribution of linked "o";"19750203";1
Distribution of linked "o";"18920210";1
Distribution of linked "o";"19671012";1
Distribution of linked "o";"18650122";1
Distribution of linked "o";"19470225";1
Distribution of linked "o";"19510523";1
Distribution of linked "o";"19540618";1
Distribution of linked "o";"19480130";1
Distribution of linked "o";"18520531";1
Distribution of linked "o";"17960628";1
Distribution of linked "o";"18810309";1
Distribution of linked "o";"17750609";1
Distribution of linked "o";"19550123";1
Distribution of linked "o";"19500909";1
Distribution of linked "o";"19700822";1
Distribution of linked "o";"19490116";1
Distribution of linked "o";"19501013";1
Distribution of linked "o";"19150905";1
Distribution of linked "o";"19900420";1
Distribution of linked "o";"19480801";1
Distribution of linked "o";"19350404";1
Distribution of linked "o";"19760512";1
Distribution of linked "o";"19730502";1
Distribution of linked "o";"Q18377240";1
Distribution of linked "o";"19520223";1
Distribution of linked "o";"19350729";1
Distribution of linked "o";"17090303";1
Distribution of linked "o";"17820807";1
Distribution of linked "o";"18010714";1
Distribution of linked "o";"18580428";1
Distribution of linked "o";"15510321";1
Distribution of linked "o";"16080429";1
Distribution of linked "o";"18380514";1
Distribution of linked "o";"19000426";1
Distribution of linked "o";"18640530";1
Distribution of linked "o";"19280324";1
Distribution of linked "o";"17561210";1
Distribution of linked "o";"18370201";1
Distribution of linked "o";"19060922";1
Distribution of linked "o";"19670901";1
Distribution of linked "o";"18570118";1
Distribution of linked "o";"19440309";1
Distribution of linked "o";"19720701";1
Distribution of linked "o";"19660316";1
Distribution of linked "o";"19060619";1
Distribution of linked "o";"19790812";1
Distribution of linked "o";"17090810";1
Distribution of linked "o";"17550520";1
Distribution of linked "o";"19600621";1
Distribution of linked "o";"19850814";1
Distribution of linked "o";"19410430";1
Distribution of linked "o";"19450719";1
Distribution of linked "o";"19430430";1
Distribution of linked "o";"19410618";1
Distribution of linked "o";"19400102";1
Distribution of linked "o";"20150709";1
Distribution of linked "o";"19820928";1
Distribution of linked "o";"19450813";1
Distribution of linked "o";"19570726";1
Distribution of linked "o";"19591218";1
Distribution of linked "o";"18060628";1
Distribution of linked "o";"18570704";1
Distribution of linked "o";"19421124";1
Distribution of linked "o";"19630322";1
Distribution of linked "o";"19580605";1
Distribution of linked "o";"20141231";1
Distribution of linked "o";"10521004";1
Distribution of linked "o";"10200101";1
Distribution of linked "o";"10510101";1
Distribution of linked "o";"Q212545";1
Distribution of linked "o";"19520607";1
Distribution of linked "o";"10020621";1
Distribution of linked "o";"10540419";1
Distribution of linked "o";"10570803";1
Distribution of linked "o";"10270000";1
Distribution of linked "o";"10471001";1
Distribution of linked "o";"18590408";1
Distribution of linked "o";"19380426";1
Distribution of linked "o";"19380427";1
Distribution of linked "o";"12640101";1
Distribution of linked "o";"18890908";1
Distribution of linked "o";"19530927";1
Distribution of linked "o";"19000421";1
Distribution of linked "o";"18971123";1
Distribution of linked "o";"19480602";1
Distribution of linked "o";"18900215";1
Distribution of linked "o";"19451025";1
Distribution of linked "o";"14950416";1
Distribution of linked "o";"15520421";1
Distribution of linked "o";"18600624";1
Distribution of linked "o";"19821108";1
Distribution of linked "o";"16630322";1
Distribution of linked "o";"17270608";1
Distribution of linked "o";"19100916";1
Distribution of linked "o";"18300204";1
Distribution of linked "o";"19120814";1
Distribution of linked "o";"19110909";1
Distribution of linked "o";"19630617";1
Distribution of linked "o";"19210520";1
Distribution of linked "o";"Q1555393";1
Distribution of linked "o";"18930122";1
Distribution of linked "o";"19430403";1
Distribution of linked "o";"18410403";1
Distribution of linked "o";"18420403";1
Distribution of linked "o";"19070813";1
Distribution of linked "o";"18770913";1
Distribution of linked "o";"19570507";1
Distribution of linked "o";"17840923";1
Distribution of linked "o";"17830923";1
Distribution of linked "o";"18670306";1
Distribution of linked "o";"15741208";1
Distribution of linked "o";"16160308";1
Distribution of linked "o";"19631024";1
Distribution of linked "o";"19220315";1
Distribution of linked "o";"18821211";1
Distribution of linked "o";"19760519";1
Distribution of linked "o";"20050701";1
Distribution of linked "o";"19420427";1
Distribution of linked "o";"19590525";1
Distribution of linked "o";"19910716";1
Distribution of linked "o";"19761115";1
Distribution of linked "o";"-04040101";1
Distribution of linked "o";"-04110000";1
Distribution of linked "o";"-03220101";1
Distribution of linked "o";"Q458668";1
Distribution of linked "o";"20050703";1
Distribution of linked "o";"18131229";1
Distribution of linked "o";"18900629";1
Distribution of linked "o";"Q16104916";1
Distribution of linked "o";"19360818";1
Distribution of linked "o";"19890315";1
Distribution of linked "o";"19800915";1
Distribution of linked "o";"16731121";1
Distribution of linked "o";"17470307";1
Distribution of linked "o";"19901123";1
Distribution of linked "o";"19900401";1
Distribution of linked "o";"19730311";1
Distribution of linked "o";"19210522";1
Distribution of linked "o";"20070813";1
Distribution of linked "o";"19040304";1
Distribution of linked "o";"19680819";1
Distribution of linked "o";"19580509";1
Distribution of linked "o";"19480722";1
Distribution of linked "o";"19950714";1
Distribution of linked "o";"18980805";1
Distribution of linked "o";"19020721";1
Distribution of linked "o";"19870827";1
Distribution of linked "o";"19851223";1
Distribution of linked "o";"19260829";1
Distribution of linked "o";"19201224";1
Distribution of linked "o";"19621119";1
Distribution of linked "o";"18970601";1
Distribution of linked "o";"19540417";1
Distribution of linked "o";"20150731";1
Distribution of linked "o";"18130525";1
Distribution of linked "o";"19001211";1
Distribution of linked "o";"15521008";1
Distribution of linked "o";"15971027";1
Distribution of linked "o";"Q819382";1
Distribution of linked "o";"19861014";1
Distribution of linked "o";"19710418";1
Distribution of linked "o";"19520403";1
Distribution of linked "o";"19820530";1
Distribution of linked "o";"17950403";1
Distribution of linked "o";"18551113";1
Distribution of linked "o";"-03360101";1
Distribution of linked "o";"-02830101";1
Distribution of linked "o";"18750226";1
Distribution of linked "o";"19910308";1
Distribution of linked "o";"19021014";1
Distribution of linked "o";"19921107";1
Distribution of linked "o";"19810829";1
Distribution of linked "o";"19700925";1
Distribution of linked "o";"19221112";1
Distribution of linked "o";"20020911";1
Distribution of linked "o";"14180101";1
Distribution of linked "o";"14530601";1
Distribution of linked "o";"16060227";1
Distribution of linked "o";"16561228";1
Distribution of linked "o";"19030506";1
Distribution of linked "o";"19620508";1
Distribution of linked "o";"20150802";1
Distribution of linked "o";"09300101";1
Distribution of linked "o";"09000000";1
Distribution of linked "o";"18210831";1
Distribution of linked "o";"18940908";1
Distribution of linked "o";"18481108";1
Distribution of linked "o";"19250726";1
Distribution of linked "o";"19741009";1
Distribution of linked "o";"Q153006";1
Distribution of linked "o";"19790729";1
Distribution of linked "o";"19981207";1
Distribution of linked "o";"Q218091";1
Distribution of linked "o";"15420521";1
Distribution of linked "o";"14950101";1
Distribution of linked "o";"17750127";1
Distribution of linked "o";"18540820";1
Distribution of linked "o";"19100202";1
Distribution of linked "o";"19951218";1
Distribution of linked "o";"19100622";1
Distribution of linked "o";"18830127";1
Distribution of linked "o";"19410924";1
Distribution of linked "o";"19060622";1
Distribution of linked "o";"17970104";1
Distribution of linked "o";"18500327";1
Distribution of linked "o";"19420328";1
Distribution of linked "o";"19980620";1
Distribution of linked "o";"17840229";1
Distribution of linked "o";"11261213";1
Distribution of linked "o";"19910109";1
Distribution of linked "o";"15260125";1
Distribution of linked "o";"15861001";1
Distribution of linked "o";"18390425";1
Distribution of linked "o";"19010922";1
Distribution of linked "o";"18531226";1
Distribution of linked "o";"18460520";1
Distribution of linked "o";"19341019";1
Distribution of linked "o";"19750413";1
Distribution of linked "o";"19860807";1
Distribution of linked "o";"Q384540";1
Distribution of linked "o";"19830616";1
Distribution of linked "o";"19660907";1
Distribution of linked "o";"14861113";1
Distribution of linked "o";"15430213";1
Distribution of linked "o";"19181108";1
Distribution of linked "o";"20150604";1
Distribution of linked "o";"19910627";1
Distribution of linked "o";"19440130";1
Distribution of linked "o";"19450223";1
Distribution of linked "o";"19100418";1
Distribution of linked "o";"14580101";1
Distribution of linked "o";"Q2205584";1
Distribution of linked "o";"19870610";1
Distribution of linked "o";"18590203";1
Distribution of linked "o";"18901217";1
Distribution of linked "o";"19200718";1
Distribution of linked "o";"18330115";1
Distribution of linked "o";"18910818";1
Distribution of linked "o";"18330805";1
Distribution of linked "o";"19071215";1
Distribution of linked "o";"18660412";1
Distribution of linked "o";"19291113";1
Distribution of linked "o";"19530107";1
Distribution of linked "o";"19660117";1
Distribution of linked "o";"16361031";1
Distribution of linked "o";"16790526";1
Distribution of linked "o";"18910122";1
Distribution of linked "o";"19600823";1
Distribution of linked "o";"19461231";1
Distribution of linked "o";"19470131";1
Distribution of linked "o";"19190830";1
Distribution of linked "o";"05000000";1
Distribution of linked "o";"04010000";1
Distribution of linked "o";"20030303";1
Distribution of linked "o";"19910819";1
Distribution of linked "o";"19890816";1
Distribution of linked "o";"19300518";1
Distribution of linked "o";"19830123";1
Distribution of linked "o";"19441229";1
Distribution of linked "o";"15480929";1
Distribution of linked "o";"16260207";1
Distribution of linked "o";"19821104";1
Distribution of linked "o";"17760827";1
Distribution of linked "o";"18310102";1
Distribution of linked "o";"18390808";1
Distribution of linked "o";"19170131";1
Distribution of linked "o";"19880711";1
Distribution of linked "o";"19930728";1
Distribution of linked "o";"17000114";1
Distribution of linked "o";"17640510";1
Distribution of linked "o";"19900207";1
Distribution of linked "o";"19360308";1
Distribution of linked "o";"17880802";1
Distribution of linked "o";"18530413";1
Distribution of linked "o";"19800718";1
Distribution of linked "o";"19370710";1
Distribution of linked "o";"18820525";1
Distribution of linked "o";"18820512";1
Distribution of linked "o";"19510804";1
Distribution of linked "o";"17380711";1
Distribution of linked "o";"17380211";1
Distribution of linked "o";"18220210";1
Distribution of linked "o";"18220711";1
Distribution of linked "o";"19630704";1
Distribution of linked "o";"18800720";1
Distribution of linked "o";"19460426";1
Distribution of linked "o";"17871224";1
Distribution of linked "o";"18670905";1
Distribution of linked "o";"19040102";1
Distribution of linked "o";"19490618";1
Distribution of linked "o";"18970119";1
Distribution of linked "o";"19720206";1
Distribution of linked "o";"19411026";1
Distribution of linked "o";"19301017";1
Distribution of linked "o";"19731004";1
Distribution of linked "o";"19340924";1
Distribution of linked "o";"Q18202281";1
Distribution of linked "o";"18610304";1
Distribution of linked "o";"19240131";1
Distribution of linked "o";"19070701";1
Distribution of linked "o";"20100325";1
Distribution of linked "o";"16350506";1
Distribution of linked "o";"19840422";1
Distribution of linked "o";"18940320";1
Distribution of linked "o";"19391220";1
Distribution of linked "o";"19391219";1
Distribution of linked "o";"19390424";1
Distribution of linked "o";"19790301";1
Distribution of linked "o";"19170906";1
Distribution of linked "o";"19170706";1
Distribution of linked "o";"20080501";1
Distribution of linked "o";"11240423";1
Distribution of linked "o";"10780101";1
Distribution of linked "o";"Q15850227";1
Distribution of linked "o";"Q1023028";1
Distribution of linked "o";"19810721";1
Distribution of linked "o";"17720104";1
Distribution of linked "o";"18400320";1
Distribution of linked "o";"17800110";1
Distribution of linked "o";"18570902";1
Distribution of linked "o";"18570903";1
Distribution of linked "o";"19010511";1
Distribution of linked "o";"19020307";1
Distribution of linked "o";"19970410";1
Distribution of linked "o";"18890924";1
Distribution of linked "o";"19690519";1
Distribution of linked "o";"19721009";1
Distribution of linked "o";"18750206";1
Distribution of linked "o";"19550324";1
Distribution of linked "o";"18080203";1
Distribution of linked "o";"18770118";1
Distribution of linked "o";"19810818";1
Distribution of linked "o";"14931113";1
Distribution of linked "o";"15500307";1
Distribution of linked "o";"19740326";1
Distribution of linked "o";"19441202";1
Distribution of linked "o";"14951206";1
Distribution of linked "o";"18281209";1
Distribution of linked "o";"19510626";1
Distribution of linked "o";"18030115";1
Distribution of linked "o";"18771220";1
Distribution of linked "o";"16550813";1
Distribution of linked "o";"17070426";1
Distribution of linked "o";"19030422";1
Distribution of linked "o";"19130801";1
Distribution of linked "o";"18460209";1
Distribution of linked "o";"19300928";1
Distribution of linked "o";"19840718";1
Distribution of linked "o";"18480213";1
Distribution of linked "o";"19180730";1
Distribution of linked "o";"18951105";1
Distribution of linked "o";"19561026";1
Distribution of linked "o";"18390214";1
Distribution of linked "o";"18730829";1
Distribution of linked "o";"18910217";1
Distribution of linked "o";"19651015";1
Distribution of linked "o";"13160101";1
Distribution of linked "o";"13900708";1
Distribution of linked "o";"18230416";1
Distribution of linked "o";"18521011";1
Distribution of linked "o";"-22550101";1
Distribution of linked "o";"18661216";1
Distribution of linked "o";"19441213";1
Distribution of linked "o";"19690705";1
Distribution of linked "o";"16790127";1
Distribution of linked "o";"17380512";1
Distribution of linked "o";"17380515";1
Distribution of linked "o";"19520625";1
Distribution of linked "o";"18360912";1
Distribution of linked "o";"19840522";1
Distribution of linked "o";"19200103";1
Distribution of linked "o";"19770407";1
Distribution of linked "o";"18510401";1
Distribution of linked "o";"18791101";1
Distribution of linked "o";"19360116";1
Distribution of linked "o";"18830215";1
Distribution of linked "o";"19700726";1
Distribution of linked "o";"19631211";1
Distribution of linked "o";"19810103";1
Distribution of linked "o";"18820627";1
Distribution of linked "o";"19630917";1
Distribution of linked "o";"16760918";1
Distribution of linked "o";"17331031";1
Distribution of linked "o";"11770101";1
Distribution of linked "o";"19230826";1
Distribution of linked "o";"Q637834";1
Distribution of linked "o";"20140202";1
Distribution of linked "o";"18011113";1
Distribution of linked "o";"18771108";1
Distribution of linked "o";"19471129";1
Distribution of linked "o";"18931207";1
Distribution of linked "o";"19821129";1
Distribution of linked "o";"19341115";1
Distribution of linked "o";"17390324";1
Distribution of linked "o";"17911010";1
Distribution of linked "o";"18240723";1
Distribution of linked "o";"19070705";1
Distribution of linked "o";"18000128";1
Distribution of linked "o";"18650318";1
Distribution of linked "o";"Q61597";1
Distribution of linked "o";"18991222";1
Distribution of linked "o";"16710320";1
Distribution of linked "o";"17470903";1
Distribution of linked "o";"17471212";1
Distribution of linked "o";"20060203";1
Distribution of linked "o";"19650520";1
Distribution of linked "o";"18781208";1
Distribution of linked "o";"19440209";1
Distribution of linked "o";"19130306";1
Distribution of linked "o";"19780429";1
Distribution of linked "o";"18800830";1
Distribution of linked "o";"19501221";1
Distribution of linked "o";"17350705";1
Distribution of linked "o";"18090909";1
Distribution of linked "o";"17991018";1
Distribution of linked "o";"18680829";1
Distribution of linked "o";"19471202";1
Distribution of linked "o";"19810206";1
Distribution of linked "o";"17440208";1
Distribution of linked "o";"18170210";1
Distribution of linked "o";"19410610";1
Distribution of linked "o";"15971222";1
Distribution of linked "o";"16590810";1
Distribution of linked "o";"19271010";1
Distribution of linked "o";"12470216";1
Distribution of linked "o";"20140904";1
Distribution of linked "o";"20100114";1
Distribution of linked "o";"16800211";1
Distribution of linked "o";"16800208";1
Distribution of linked "o";"19091001";1
Distribution of linked "o";"20040323";1
Distribution of linked "o";"18140902";1
Distribution of linked "o";"18960711";1
Distribution of linked "o";"19290429";1
Distribution of linked "o";"20071005";1
Distribution of linked "o";"19580629";1
Distribution of linked "o";"19810207";1
Distribution of linked "o";"18500905";1
Distribution of linked "o";"19301225";1
Distribution of linked "o";"18890720";1
Distribution of linked "o";"19660508";1
Distribution of linked "o";"18910904";1
Distribution of linked "o";"19630109";1
Distribution of linked "o";"18720208";1
Distribution of linked "o";"18220214";1
Distribution of linked "o";"18571210";1
Distribution of linked "o";"18480420";1
Distribution of linked "o";"19101017";1
Distribution of linked "o";"12040812";1
Distribution of linked "o";"17440704";1
Distribution of linked "o";"17740627";1
Distribution of linked "o";"13610918";1
Distribution of linked "o";"15610725";1
Distribution of linked "o";"15610724";1
Distribution of linked "o";"15890729";1
Distribution of linked "o";"18750224";1
Distribution of linked "o";"19550923";1
Distribution of linked "o";"11850924";1
Distribution of linked "o";"12130928";1
Distribution of linked "o";"19420820";1
Distribution of linked "o";"19611029";1
Distribution of linked "o";"14950914";1
Distribution of linked "o";"15450422";1
Distribution of linked "o";"18970430";1
Distribution of linked "o";"19570630";1
Distribution of linked "o";"19690328";1
Distribution of linked "o";"12400101";1
Distribution of linked "o";"13141120";1
Distribution of linked "o";"19841024";1
Distribution of linked "o";"19791128";1
Distribution of linked "o";"19001227";1
Distribution of linked "o";"19780209";1
Distribution of linked "o";"18040628";1
Distribution of linked "o";"18400902";1
Distribution of linked "o";"19090816";1
Distribution of linked "o";"19890516";1
Distribution of linked "o";"19231217";1
Distribution of linked "o";"19770730";1
Distribution of linked "o";"Q289707";1
Distribution of linked "o";"19860830";1
Distribution of linked "o";"16110101";1
Distribution of linked "o";"19790721";1
Distribution of linked "o";"18871030";1
Distribution of linked "o";"19120116";1
Distribution of linked "o";"17940316";1
Distribution of linked "o";"09780101";1
Distribution of linked "o";"10390303";1
Distribution of linked "o";"Q66963";1
Distribution of linked "o";"11060616";1
Distribution of linked "o";"10100101";1
Distribution of linked "o";"19750725";1
Distribution of linked "o";"19330529";1
Distribution of linked "o";"17240718";1
Distribution of linked "o";"17800423";1
Distribution of linked "o";"18740729";1
Distribution of linked "o";"19150901";1
Distribution of linked "o";"18680810";1
Distribution of linked "o";"19540814";1
Distribution of linked "o";"18730106";1
Distribution of linked "o";"17470407";1
Distribution of linked "o";"17470409";1
Distribution of linked "o";"16760703";1
Distribution of linked "o";"19771018";1
Distribution of linked "o";"18601028";1
Distribution of linked "o";"19251009";1
Distribution of linked "o";"18700407";1
Distribution of linked "o";"19190502";1
Distribution of linked "o";"19070605";1
Distribution of linked "o";"19950919";1
Distribution of linked "o";"18420301";1
Distribution of linked "o";"18290000";1
Distribution of linked "o";"19200410";1
Distribution of linked "o";"18630712";1
Distribution of linked "o";"19060705";1
Distribution of linked "o";"18431108";1
Distribution of linked "o";"18611226";1
Distribution of linked "o";"19280319";1
Distribution of linked "o";"17980911";1
Distribution of linked "o";"17791119";1
Distribution of linked "o";"18010104";1
Distribution of linked "o";"19550327";1
Distribution of linked "o";"19550322";1
Distribution of linked "o";"19100706";1
Distribution of linked "o";"20000311";1
Distribution of linked "o";"14600229";1
Distribution of linked "o";"14010327";1
Distribution of linked "o";"17851030";1
Distribution of linked "o";"18710204";1
Distribution of linked "o";"19790130";1
Distribution of linked "o";"19830418";1
Distribution of linked "o";"18650330";1
Distribution of linked "o";"19220717";1
Distribution of linked "o";"14840221";1
Distribution of linked "o";"15350711";1
Distribution of linked "o";"15971119";1
Distribution of linked "o";"16600426";1
Distribution of linked "o";"19060125";1
Distribution of linked "o";"13440209";1
Distribution of linked "o";"13630113";1
Distribution of linked "o";"19571116";1
Distribution of linked "o";"18890902";1
Distribution of linked "o";"18580304";1
Distribution of linked "o";"19640720";1
Distribution of linked "o";"15940529";1
Distribution of linked "o";"16321117";1
Distribution of linked "o";"14951110";1
Distribution of linked "o";"17370805";1
Distribution of linked "o";"17720428";1
Distribution of linked "o";"Q17068314";1
Distribution of linked "o";"19490411";1
Distribution of linked "o";"20110124";1
Distribution of linked "o";"18791025";1
Distribution of linked "o";"18480518";1
Distribution of linked "o";"19220604";1
Distribution of linked "o";"18710914";1
Distribution of linked "o";"19410311";1
Distribution of linked "o";"19410310";1
Distribution of linked "o";"19430725";1
Distribution of linked "o";"19230422";1
Distribution of linked "o";"20081211";1
Distribution of linked "o";"18940802";1
Distribution of linked "o";"19660114";1
Distribution of linked "o";"19120904";1
Distribution of linked "o";"19430709";1
Distribution of linked "o";"17751114";1
Distribution of linked "o";"18330529";1
Distribution of linked "o";"19751020";1
Distribution of linked "o";"19780228";1
Distribution of linked "o";"12400724";1
Distribution of linked "o";"16741107";1
Distribution of linked "o";"17350203";1
Distribution of linked "o";"18240320";1
Distribution of linked "o";"18761105";1
Distribution of linked "o";"17910503";1
Distribution of linked "o";"18660228";1
Distribution of linked "o";"19221028";1
Distribution of linked "o";"18850724";1
Distribution of linked "o";"19160212";1
Distribution of linked "o";"19810705";1
Distribution of linked "o";"19440614";1
Distribution of linked "o";"20090627";1
Distribution of linked "o";"18900414";1
Distribution of linked "o";"19470425";1
Distribution of linked "o";"17711009";1
Distribution of linked "o";"18150616";1
Distribution of linked "o";"19700220";1
Distribution of linked "o";"17470821";1
Distribution of linked "o";"18351222";1
Distribution of linked "o";"16660806";1
Distribution of linked "o";"16990804";1
Distribution of linked "o";"15541217";1
Distribution of linked "o";"16120217";1
Distribution of linked "o";"17800211";1
Distribution of linked "o";"18060726";1
Distribution of linked "o";"17210309";1
Distribution of linked "o";"17740330";1
Distribution of linked "o";"18761023";1
Distribution of linked "o";"19701214";1
Distribution of linked "o";"19490419";1
Distribution of linked "o";"18800313";1
Distribution of linked "o";"19530527";1
Distribution of linked "o";"19480517";1
Distribution of linked "o";"19580725";1
Distribution of linked "o";"18591022";1
Distribution of linked "o";"18900116";1
Distribution of linked "o";"19690503";1
Distribution of linked "o";"19071213";1
Distribution of linked "o";"19950111";1
Distribution of linked "o";"18261002";1
Distribution of linked "o";"18670605";1
Distribution of linked "o";"19581011";1
Distribution of linked "o";"17970828";1
Distribution of linked "o";"18400801";1
Distribution of linked "o";"19560628";1
Distribution of linked "o";"17990228";1
Distribution of linked "o";"18900110";1
Distribution of linked "o";"18730510";1
Distribution of linked "o";"19300301";1
Distribution of linked "o";"18521116";1
Distribution of linked "o";"19860112";1
Distribution of linked "o";"18390422";1
Distribution of linked "o";"19851031";1
Distribution of linked "o";"15150214";1
Distribution of linked "o";"15761026";1
Distribution of linked "o";"19080326";1
Distribution of linked "o";"19800603";1
Distribution of linked "o";"19840504";1
Distribution of linked "o";"16520428";1
Distribution of linked "o";"17120811";1
Distribution of linked "o";"18400929";1
Distribution of linked "o";"18401229";1
Distribution of linked "o";"19090926";1
Distribution of linked "o";"17690217";1
Distribution of linked "o";"18311206";1
Distribution of linked "o";"19741120";1
Distribution of linked "o";"18640206";1
Distribution of linked "o";"19330516";1
Distribution of linked "o";"19330521";1
Distribution of linked "o";"18721016";1
Distribution of linked "o";"19251116";1
Distribution of linked "o";"18320831";1
Distribution of linked "o";"19130309";1
Distribution of linked "o";"17420602";1
Distribution of linked "o";"18100727";1
Distribution of linked "o";"19210208";1
Distribution of linked "o";"19410513";1
Distribution of linked "o";"19850108";1
Distribution of linked "o";"18830412";1
Distribution of linked "o";"19590220";1
Distribution of linked "o";"19341026";1
Distribution of linked "o";"20070809";1
Distribution of linked "o";"17820319";1
Distribution of linked "o";"18560218";1
Distribution of linked "o";"19720608";1
Distribution of linked "o";"18710412";1
Distribution of linked "o";"19050327";1
Distribution of linked "o";"19800127";1
Distribution of linked "o";"18891122";1
Distribution of linked "o";"19721120";1
Distribution of linked "o";"19060530";1
Distribution of linked "o";"18401004";1
Distribution of linked "o";"19100207";1
Distribution of linked "o";"19900429";1
Distribution of linked "o";"19420702";1
Distribution of linked "o";"18380520";1
Distribution of linked "o";"19120611";1
Distribution of linked "o";"19761213";1
Distribution of linked "o";"17110610";1
Distribution of linked "o";"17861031";1
Distribution of linked "o";"19560713";1
Distribution of linked "o";"17301206";1
Distribution of linked "o";"17310906";1
Distribution of linked "o";"18070218";1
Distribution of linked "o";"19650304";1
Distribution of linked "o";"18500309";1
Distribution of linked "o";"19261009";1
Distribution of linked "o";"18171106";1
Distribution of linked "o";"19080710";1
Distribution of linked "o";"18700716";1
Distribution of linked "o";"19381215";1
Distribution of linked "o";"18341119";1
Distribution of linked "o";"19240113";1
Distribution of linked "o";"17940507";1
Distribution of linked "o";"18600412";1
Distribution of linked "o";"15920820";1
Distribution of linked "o";"15350704";1
Distribution of linked "o";"19611206";1
Distribution of linked "o";"18950901";1
Distribution of linked "o";"19550626";1
Distribution of linked "o";"16030809";1
Distribution of linked "o";"16691105";1
Distribution of linked "o";"19560409";1
Distribution of linked "o";"15280310";1
Distribution of linked "o";"15870108";1
Distribution of linked "o";"16160319";1
Distribution of linked "o";"18810929";1
Distribution of linked "o";"18680115";1
Distribution of linked "o";"18670508";1
Distribution of linked "o";"19520122";1
Distribution of linked "o";"Q725874";1
Distribution of linked "o";"19210308";1
Distribution of linked "o";"20080617";1
Distribution of linked "o";"14200101";1
Distribution of linked "o";"20100306";1
Distribution of linked "o";"19010111";1
Distribution of linked "o";"19470218";1
Distribution of linked "o";"19660926";1
Distribution of linked "o";"19820203";1
Distribution of linked "o";"19561231";1
Distribution of linked "o";"16880207";1
Distribution of linked "o";"17650409";1
Distribution of linked "o";"19240916";1
Distribution of linked "o";"19750925";1
Distribution of linked "o";"19060224";1
Distribution of linked "o";"19631027";1
Distribution of linked "o";"18180822";1
Distribution of linked "o";"18920917";1
Distribution of linked "o";"18920920";1
Distribution of linked "o";"19140620";1
Distribution of linked "o";"19660106";1
Distribution of linked "o";"18890124";1
Distribution of linked "o";"19680704";1
Distribution of linked "o";"16620503";1
Distribution of linked "o";"17360117";1
Distribution of linked "o";"19450510";1
Distribution of linked "o";"19191213";1
Distribution of linked "o";"17740418";1
Distribution of linked "o";"18520629";1
Distribution of linked "o";"18841018";1
Distribution of linked "o";"18060425";1
Distribution of linked "o";"16381122";1
Distribution of linked "o";"17070604";1
Distribution of linked "o";"20030404";1
Distribution of linked "o";"19100314";1
Distribution of linked "o";"17950904";1
Distribution of linked "o";"19320311";1
Distribution of linked "o";"18620523";1
Distribution of linked "o";"13181207";1
Distribution of linked "o";"19781004";1
Distribution of linked "o";"18530101";1
Distribution of linked "o";"Q88738";1
Distribution of linked "o";"19400316";1
Distribution of linked "o";"19101230";1
Distribution of linked "o";"19950823";1
Distribution of linked "o";"19190424";1
Distribution of linked "o";"Q6233";1
Distribution of linked "o";"19751223";1
Distribution of linked "o";"18860331";1
Distribution of linked "o";"Q36153";1
Distribution of linked "o";"19691204";1
Distribution of linked "o";"19410112";1
Distribution of linked "o";"19050625";1
Distribution of linked "o";"18120826";1
Distribution of linked "o";"18810514";1
Distribution of linked "o";"18240329";1
Distribution of linked "o";"18990501";1
Distribution of linked "o";"17350118";1
Distribution of linked "o";"17940222";1
Distribution of linked "o";"17890604";1
Distribution of linked "o";"18700303";1
Distribution of linked "o";"19851203";1
Distribution of linked "o";"19070127";1
Distribution of linked "o";"20101129";1
Distribution of linked "o";"19760106";1
Distribution of linked "o";"17630927";1
Distribution of linked "o";"18140704";1
Distribution of linked "o";"17470219";1
Distribution of linked "o";"17790304";1
Distribution of linked "o";"19670510";1
Distribution of linked "o";"Q13560771";1
Distribution of linked "o";"19710709";1
Distribution of linked "o";"15471002";1
Distribution of linked "o";"16140822";1
Distribution of linked "o";"19431114";1
Distribution of linked "o";"Q855639";1
Distribution of linked "o";"19241211";1
Distribution of linked "o";"20120217";1
Distribution of linked "o";"20010716";1
Distribution of linked "o";"19771013";1
Distribution of linked "o";"18980228";1
Distribution of linked "o";"19781212";1
Distribution of linked "o";"19100908";1
Distribution of linked "o";"Q1127656";1
Distribution of linked "o";"17730904";1
Distribution of linked "o";"18610321";1
Distribution of linked "o";"14170516";1
Distribution of linked "o";"13640101";1
Distribution of linked "o";"20011217";1
Distribution of linked "o";"18170626";1
Distribution of linked "o";"18921026";1
Distribution of linked "o";"17720216";1
Distribution of linked "o";"18000803";1
Distribution of linked "o";"18690209";1
Distribution of linked "o";"19431218";1
Distribution of linked "o";"17920225";1
Distribution of linked "o";"18600212";1
Distribution of linked "o";"19820917";1
Distribution of linked "o";"19800120";1
Distribution of linked "o";"18700406";1
Distribution of linked "o";"19590731";1
Distribution of linked "o";"19830522";1
Distribution of linked "o";"18280505";1
Distribution of linked "o";"19000315";1
Distribution of linked "o";"19850723";1
Distribution of linked "o";"19220120";1
Distribution of linked "o";"20120524";1
Distribution of linked "o";"Q57202";1
Distribution of linked "o";"Q20751111";1
Distribution of linked "o";"18810728";1
Distribution of linked "o";"Q312581";1
Distribution of linked "o";"17520920";1
Distribution of linked "o";"18240129";1
Distribution of linked "o";"19471111";1
Distribution of linked "o";"19340919";1
Distribution of linked "o";"19380723";1
Distribution of linked "o";"20160619";1
Distribution of linked "o";"20050811";1
Distribution of linked "o";"19420426";1
Distribution of linked "o";"19670211";1
Distribution of linked "o";"19211204";1
Distribution of linked "o";"20100424";1
Distribution of linked "o";"19051021";1
Distribution of linked "o";"19860402";1
Distribution of linked "o";"18141023";1
Distribution of linked "o";"18851127";1
Distribution of linked "o";"18650209";1
Distribution of linked "o";"19490110";1
Distribution of linked "o";"19820113";1
Distribution of linked "o";"19430209";1
Distribution of linked "o";"19520817";1
Distribution of linked "o";"14380702";1
Distribution of linked "o";"12340507";1
Distribution of linked "o";"19880203";1
Distribution of linked "o";"10380101";1
Distribution of linked "o";"Q151510";1
Distribution of linked "o";"17851124";1
Distribution of linked "o";"19310608";1
Distribution of linked "o";"20110505";1
Distribution of linked "o";"Q1346121";1
Distribution of linked "o";"19641125";1
Distribution of linked "o";"15341123";1
Distribution of linked "o";"19511020";1
Distribution of linked "o";"18850708";1
Distribution of linked "o";"18501125";1
Distribution of linked "o";"19320330";1
Distribution of linked "o";"18220418";1
Distribution of linked "o";"18780925";1
Distribution of linked "o";"19480803";1
Distribution of linked "o";"19571114";1
Distribution of linked "o";"15390704";1
Distribution of linked "o";"15831022";1
Distribution of linked "o";"15831012";1
Distribution of linked "o";"19700622";1
Distribution of linked "o";"19920113";1
Distribution of linked "o";"19140108";1
Distribution of linked "o";"19811112";1
Distribution of linked "o";"10150531";1
Distribution of linked "o";"19650807";1
Distribution of linked "o";"18920323";1
Distribution of linked "o";"19840215";1
Distribution of linked "o";"19000418";1
Distribution of linked "o";"19890406";1
Distribution of linked "o";"18730607";1
Distribution of linked "o";"19480711";1
Distribution of linked "o";"19730309";1
Distribution of linked "o";"Q4502969";1
Distribution of linked "o";"20120729";1
Distribution of linked "o";"13290926";1
Distribution of linked "o";"13530202";1
Distribution of linked "o";"19670714";1
Distribution of linked "o";"18960813";1
Distribution of linked "o";"19441001";1
Distribution of linked "o";"12001028";1
Distribution of linked "o";"12270911";1
Distribution of linked "o";"19140624";1
Distribution of linked "o";"-03700101";1
Distribution of linked "o";"-03320101";1
Distribution of linked "o";"18940306";1
Distribution of linked "o";"19730208";1
Distribution of linked "o";"19010814";1
Distribution of linked "o";"16520912";1
Distribution of linked "o";"16971220";1
Distribution of linked "o";"16981220";1
Distribution of linked "o";"19271202";1
Distribution of linked "o";"16360101";1
Distribution of linked "o";"16360715";1
Distribution of linked "o";"16890501";1
Distribution of linked "o";"16920719";1
Distribution of linked "o";"17110121";1
Distribution of linked "o";"18920923";1
Distribution of linked "o";"19750401";1
Distribution of linked "o";"16670625";1
Distribution of linked "o";"17291119";1
Distribution of linked "o";"19490929";1
Distribution of linked "o";"03470101";1
Distribution of linked "o";"16590214";1
Distribution of linked "o";"17320711";1
Distribution of linked "o";"15910405";1
Distribution of linked "o";"15910415";1
Distribution of linked "o";"16340811";1
Distribution of linked "o";"16340821";1
Distribution of linked "o";"16771107";1
Distribution of linked "o";"17421030";1
Distribution of linked "o";"19260704";1
Distribution of linked "o";"20041203";1
Distribution of linked "o";"19770223";1
Distribution of linked "o";"18810414";1
Distribution of linked "o";"19501124";1
Distribution of linked "o";"19980206";1
Distribution of linked "o";"19770711";1
Distribution of linked "o";"17230611";1
Distribution of linked "o";"17880221";1
Distribution of linked "o";"18100706";1
Distribution of linked "o";"18690717";1
Distribution of linked "o";"18690716";1
Distribution of linked "o";"19171117";1
Distribution of linked "o";"19171130";1
Distribution of linked "o";"19691222";1
Distribution of linked "o";"19691221";1
Distribution of linked "o";"19830130";1
Distribution of linked "o";"18511215";1
Distribution of linked "o";"18901119";1
Distribution of linked "o";"17510911";1
Distribution of linked "o";"18270425";1
Distribution of linked "o";"10570928";1
Distribution of linked "o";"09950000";1
Distribution of linked "o";"18630913";1
Distribution of linked "o";"19501211";1
Distribution of linked "o";"19720504";1
Distribution of linked "o";"19060802";1
Distribution of linked "o";"17250225";1
Distribution of linked "o";"17980411";1
Distribution of linked "o";"19450811";1
Distribution of linked "o";"18310307";1
Distribution of linked "o";"19141112";1
Distribution of linked "o";"19740111";1
Distribution of linked "o";"19280226";1
Distribution of linked "o";"20150509";1
Distribution of linked "o";"Q60403";1
Distribution of linked "o";"09820713";1
Distribution of linked "o";"02920101";1
Distribution of linked "o";"02380101";1
Distribution of linked "o";"17801213";1
Distribution of linked "o";"17801215";1
Distribution of linked "o";"18050704";1
Distribution of linked "o";"18771002";1
Distribution of linked "o";"Q738291";1
Distribution of linked "o";"18991126";1
Distribution of linked "o";"19360403";1
Distribution of linked "o";"18761022";1
Distribution of linked "o";"19660401";1
Distribution of linked "o";"18221021";1
Distribution of linked "o";"18711107";1
Distribution of linked "o";"18560512";1
Distribution of linked "o";"15260926";1
Distribution of linked "o";"15690611";1
Distribution of linked "o";"18420328";1
Distribution of linked "o";"18790312";1
Distribution of linked "o";"19371212";1
Distribution of linked "o";"17641122";1
Distribution of linked "o";"18241225";1
Distribution of linked "o";"18241213";1
Distribution of linked "o";"19141223";1
Distribution of linked "o";"19910811";1
Distribution of linked "o";"18931009";1
Distribution of linked "o";"19460925";1
Distribution of linked "o";"19460926";1
Distribution of linked "o";"19450419";1
Distribution of linked "o";"17980106";1
Distribution of linked "o";"18970829";1
Distribution of linked "o";"19470520";1
Distribution of linked "o";"19120717";1
Distribution of linked "o";"19681004";1
Distribution of linked "o";"19930416";1
Distribution of linked "o";"18740515";1
Distribution of linked "o";"17520727";1
Distribution of linked "o";"Q1807026";1
Distribution of linked "o";"19850516";1
Distribution of linked "o";"14200611";1
Distribution of linked "o";"13980121";1
Distribution of linked "o";"13320101";1
Distribution of linked "o";"18830710";1
Distribution of linked "o";"19720720";1
Distribution of linked "o";"19540122";1
Distribution of linked "o";"19050522";1
Distribution of linked "o";"19990607";1
Distribution of linked "o";"17830908";1
Distribution of linked "o";"18210628";1
Distribution of linked "o";"16730718";1
Distribution of linked "o";"17220810";1
Distribution of linked "o";"18800318";1
Distribution of linked "o";"19450311";1
Distribution of linked "o";"Q1248696";1
Distribution of linked "o";"Q1944780";1
Distribution of linked "o";"19320526";1
Distribution of linked "o";"20061001";1
Distribution of linked "o";"19220705";1
Distribution of linked "o";"18591202";1
Distribution of linked "o";"17080423";1
Distribution of linked "o";"17541028";1
Distribution of linked "o";"19550217";1
Distribution of linked "o";"19210205";1
Distribution of linked "o";"20160310";1
Distribution of linked "o";"19630818";1
Distribution of linked "o";"16100910";1
Distribution of linked "o";"18450705";1
Distribution of linked "o";"19760613";1
Distribution of linked "o";"17810823";1
Distribution of linked "o";"18610122";1
Distribution of linked "o";"Q23887129";1
Distribution of linked "o";"19861026";1
Distribution of linked "o";"17430105";1
Distribution of linked "o";"17520509";1
Distribution of linked "o";"18060910";1
Distribution of linked "o";"19821119";1
Distribution of linked "o";"19580517";1
Distribution of linked "o";"15870704";1
Distribution of linked "o";"16280925";1
Distribution of linked "o";"19411221";1
Distribution of linked "o";"14990624";1
Distribution of linked "o";"15700911";1
Distribution of linked "o";"18150831";1
Distribution of linked "o";"18960709";1
Distribution of linked "o";"15611210";1
Distribution of linked "o";"17980909";1
Distribution of linked "o";"18510908";1
Distribution of linked "o";"18540131";1
Distribution of linked "o";"19280930";1
Distribution of linked "o";"17421225";1
Distribution of linked "o";"18270106";1
Distribution of linked "o";"18270105";1
Distribution of linked "o";"15620425";1
Distribution of linked "o";"16020707";1
Distribution of linked "o";"16671225";1
Distribution of linked "o";"17430510";1
Distribution of linked "o";"13830424";1
Distribution of linked "o";"13370101";1
Distribution of linked "o";"12730708";1
Distribution of linked "o";"14550815";1
Distribution of linked "o";"15031201";1
Distribution of linked "o";"18040216";1
Distribution of linked "o";"18040215";1
Distribution of linked "o";"18850407";1
Distribution of linked "o";"16161225";1
Distribution of linked "o";"16790418";1
Distribution of linked "o";"14470501";1
Distribution of linked "o";"13680101";1
Distribution of linked "o";"13070103";1
Distribution of linked "o";"13341214";1
Distribution of linked "o";"17721226";1
Distribution of linked "o";"18191108";1
Distribution of linked "o";"10600101";1
Distribution of linked "o";"11171209";1
Distribution of linked "o";"20041206";1
Distribution of linked "o";"19110528";1
Distribution of linked "o";"18880320";1
Distribution of linked "o";"19650422";1
Distribution of linked "o";"18200116";1
Distribution of linked "o";"17070903";1
Distribution of linked "o";"17670322";1
Distribution of linked "o";"18210213";1
Distribution of linked "o";"17820114";1
Distribution of linked "o";"18691122";1
Distribution of linked "o";"18581101";1
Distribution of linked "o";"19201104";1
Distribution of linked "o";"19810907";1
Distribution of linked "o";"17460216";1
Distribution of linked "o";"17460215";1
Distribution of linked "o";"17490000";1
Distribution of linked "o";"17490216";1
Distribution of linked "o";"18030622";1
Distribution of linked "o";"18030000";1
Distribution of linked "o";"19570109";1
Distribution of linked "o";"13780123";1
Distribution of linked "o";"14361230";1
Distribution of linked "o";"18880208";1
Distribution of linked "o";"18820824";1
Distribution of linked "o";"19620824";1
Distribution of linked "o";"Q82233";1
Distribution of linked "o";"Q453654";1
Distribution of linked "o";"19730725";1
Distribution of linked "o";"15220328";1
Distribution of linked "o";"15570108";1
Distribution of linked "o";"19550409";1
Distribution of linked "o";"19090724";1
Distribution of linked "o";"19870603";1
Distribution of linked "o";"18130125";1
Distribution of linked "o";"18850113";1
Distribution of linked "o";"18770214";1
Distribution of linked "o";"18940624";1
Distribution of linked "o";"18130715";1
Distribution of linked "o";"Q190794";1
Distribution of linked "o";"19680927";1
Distribution of linked "o";"16950408";1
Distribution of linked "o";"17230315";1
Distribution of linked "o";"18340804";1
Distribution of linked "o";"18000305";1
Distribution of linked "o";"18751213";1
Distribution of linked "o";"20040421";1
Distribution of linked "o";"18780405";1
Distribution of linked "o";"19360919";1
Distribution of linked "o";"19570308";1
Distribution of linked "o";"19830907";1
Distribution of linked "o";"19460131";1
Distribution of linked "o";"19251124";1
Distribution of linked "o";"20121116";1
Distribution of linked "o";"18300817";1
Distribution of linked "o";"18891128";1
Distribution of linked "o";"Q77377";1
Distribution of linked "o";"18430331";1
Distribution of linked "o";"18890603";1
Distribution of linked "o";"12460101";1
Distribution of linked "o";"12450000";1
Distribution of linked "o";"12990000";1
Distribution of linked "o";"19640113";1
Distribution of linked "o";"19090728";1
Distribution of linked "o";"20051103";1
Distribution of linked "o";"19661127";1
Distribution of linked "o";"20060111";1
Distribution of linked "o";"19750906";1
Distribution of linked "o";"19730729";1
Distribution of linked "o";"19160521";1
Distribution of linked "o";"19880911";1
Distribution of linked "o";"17090808";1
Distribution of linked "o";"17290224";1
Distribution of linked "o";"19261106";1
Distribution of linked "o";"20090926";1
Distribution of linked "o";"18640908";1
Distribution of linked "o";"18960622";1
Distribution of linked "o";"19850502";1
Distribution of linked "o";"12251107";1
Distribution of linked "o";"11850101";1
Distribution of linked "o";"Q464650";1
Distribution of linked "o";"19691014";1
Distribution of linked "o";"19740603";1
Distribution of linked "o";"17991217";1
Distribution of linked "o";"18740414";1
Distribution of linked "o";"19440829";1
Distribution of linked "o";"18480107";1
Distribution of linked "o";"19310107";1
Distribution of linked "o";"19531030";1
Distribution of linked "o";"19190607";1
Distribution of linked "o";"19090802";1
Distribution of linked "o";"17450104";1
Distribution of linked "o";"18120324";1
Distribution of linked "o";"17630619";1
Distribution of linked "o";"18230103";1
Distribution of linked "o";"18230102";1
Distribution of linked "o";"19640608";1
Distribution of linked "o";"19980402";1
Distribution of linked "o";"18550308";1
Distribution of linked "o";"19110331";1
Distribution of linked "o";"19861106";1
Distribution of linked "o";"18420601";1
Distribution of linked "o";"19190802";1
Distribution of linked "o";"19490307";1
Distribution of linked "o";"18710605";1
Distribution of linked "o";"19310120";1
Distribution of linked "o";"18480207";1
Distribution of linked "o";"18020520";1
Distribution of linked "o";"18580801";1
Distribution of linked "o";"15610213";1
Distribution of linked "o";"16290313";1
Distribution of linked "o";"18620624";1
Distribution of linked "o";"18850602";1
Distribution of linked "o";"19911210";1
Distribution of linked "o";"20121114";1
Distribution of linked "o";"19700226";1
Distribution of linked "o";"18740622";1
Distribution of linked "o";"19580923";1
Distribution of linked "o";"18921017";1
Distribution of linked "o";"Q520001";1
Distribution of linked "o";"19390213";1
Distribution of linked "o";"19041123";1
Distribution of linked "o";"15980411";1
Distribution of linked "o";"16620517";1
Distribution of linked "o";"19650227";1
Distribution of linked "o";"16370622";1
Distribution of linked "o";"17170426";1
Distribution of linked "o";"19310708";1
Distribution of linked "o";"16480313";1
Distribution of linked "o";"17230223";1
Distribution of linked "o";"Q534569";1
Distribution of linked "o";"18851124";1
Distribution of linked "o";"18850608";1
Distribution of linked "o";"19910213";1
Distribution of linked "o";"19410521";1
Distribution of linked "o";"18800507";1
Distribution of linked "o";"19750222";1
Distribution of linked "o";"18540518";1
Distribution of linked "o";"19251027";1
Distribution of linked "o";"18410825";1
Distribution of linked "o";"19200324";1
Distribution of linked "o";"20000531";1
Distribution of linked "o";"19060116";1
Distribution of linked "o";"19820901";1
Distribution of linked "o";"18090926";1
Distribution of linked "o";"18841224";1
Distribution of linked "o";"17110726";1
Distribution of linked "o";"17780508";1
Distribution of linked "o";"16850815";1
Distribution of linked "o";"17590227";1
Distribution of linked "o";"18931013";1
Distribution of linked "o";"19870710";1
Distribution of linked "o";"17350828";1
Distribution of linked "o";"17970621";1
Distribution of linked "o";"19070319";1
Distribution of linked "o";"19730614";1
Distribution of linked "o";"10880101";1
Distribution of linked "o";"18040623";1
Distribution of linked "o";"18540706";1
Distribution of linked "o";"19290930";1
Distribution of linked "o";"18931112";1
Distribution of linked "o";"19471205";1
Distribution of linked "o";"19810620";1
Distribution of linked "o";"18380417";1
Distribution of linked "o";"19081013";1
Distribution of linked "o";"18450413";1
Distribution of linked "o";"19180528";1
Distribution of linked "o";"19010704";1
Distribution of linked "o";"19820525";1
Distribution of linked "o";"18290103";1
Distribution of linked "o";"15560221";1
Distribution of linked "o";"16151124";1
Distribution of linked "o";"19060426";1
Distribution of linked "o";"19371007";1
Distribution of linked "o";"18210521";1
Distribution of linked "o";"19080411";1
Distribution of linked "o";"18830502";1
Distribution of linked "o";"19471222";1
Distribution of linked "o";"20020101";1
Distribution of linked "o";"19900428";1
Distribution of linked "o";"17931004";1
Distribution of linked "o";"18510430";1
Distribution of linked "o";"19430907";1
Distribution of linked "o";"18171201";1
Distribution of linked "o";"18171204";1
Distribution of linked "o";"18821222";1
Distribution of linked "o";"12520504";1
Distribution of linked "o";"19310728";1
Distribution of linked "o";"16000625";1
Distribution of linked "o";"18400831";1
Distribution of linked "o";"19061229";1
Distribution of linked "o";"18450405";1
Distribution of linked "o";"18920623";1
Distribution of linked "o";"18920115";1
Distribution of linked "o";"16260425";1
Distribution of linked "o";"16810612";1
Distribution of linked "o";"19960503";1
Distribution of linked "o";"19970508";1
Distribution of linked "o";"19390925";1
Distribution of linked "o";"Q8880";1
Distribution of linked "o";"19580618";1
Distribution of linked "o";"18910215";1
Distribution of linked "o";"Q809139";1
Distribution of linked "o";"19690926";1
Distribution of linked "o";"19810521";1
Distribution of linked "o";"19531225";1
Distribution of linked "o";"18171202";1
Distribution of linked "o";"18950801";1
Distribution of linked "o";"18810624";1
Distribution of linked "o";"18860116";1
Distribution of linked "o";"19660915";1
Distribution of linked "o";"19661115";1
Distribution of linked "o";"20140920";1
Distribution of linked "o";"19230116";1
Distribution of linked "o";"18190411";1
Distribution of linked "o";"18951025";1
Distribution of linked "o";"Q104226";1
Distribution of linked "o";"16270516";1
Distribution of linked "o";"17040126";1
Distribution of linked "o";"15030306";1
Distribution of linked "o";"15030224";1
Distribution of linked "o";"15590323";1
Distribution of linked "o";"15590313";1
Distribution of linked "o";"19750914";1
Distribution of linked "o";"19430324";1
Distribution of linked "o";"Q96825";1
Distribution of linked "o";"19010219";1
Distribution of linked "o";"19580911";1
Distribution of linked "o";"18020227";1
Distribution of linked "o";"18641205";1
Distribution of linked "o";"19060814";1
Distribution of linked "o";"19991118";1
Distribution of linked "o";"19880930";1
Distribution of linked "o";"19641029";1
Distribution of linked "o";"18930813";1
Distribution of linked "o";"19810319";1
Distribution of linked "o";"18950410";1
Distribution of linked "o";"19920918";1
Distribution of linked "o";"18460326";1
Distribution of linked "o";"19410419";1
Distribution of linked "o";"16661009";1
Distribution of linked "o";"17250823";1
Distribution of linked "o";"18640812";1
Distribution of linked "o";"19450730";1
Distribution of linked "o";"16210316";1
Distribution of linked "o";"16810708";1
Distribution of linked "o";"18200120";1
Distribution of linked "o";"18750618";1
Distribution of linked "o";"16250923";1
Distribution of linked "o";"18631130";1
Distribution of linked "o";"19211102";1
Distribution of linked "o";"20150323";1
Distribution of linked "o";"18660929";1
Distribution of linked "o";"18660629";1
Distribution of linked "o";"19280708";1
Distribution of linked "o";"Q302942";1
Distribution of linked "o";"15841116";1
Distribution of linked "o";"16360213";1
Distribution of linked "o";"18611207";1
Distribution of linked "o";"15020914";1
Distribution of linked "o";"15321203";1
Distribution of linked "o";"18480703";1
Distribution of linked "o";"18031006";1
Distribution of linked "o";"18030924";1
Distribution of linked "o";"18900718";1
Distribution of linked "o";"19280223";1
Distribution of linked "o";"19761122";1
Distribution of linked "o";"18330808";1
Distribution of linked "o";"18651002";1
Distribution of linked "o";"19001124";1
Distribution of linked "o";"19691229";1
Distribution of linked "o";"19991129";1
Distribution of linked "o";"19000724";1
Distribution of linked "o";"20080527";1
Distribution of linked "o";"19570617";1
Distribution of linked "o";"19780221";1
Distribution of linked "o";"18690602";1
Distribution of linked "o";"19660109";1
Distribution of linked "o";"19750728";1
Distribution of linked "o";"19751107";1
Distribution of linked "o";"17001124";1
Distribution of linked "o";"17430612";1
Distribution of linked "o";"19550515";1
Distribution of linked "o";"19800916";1
Distribution of linked "o";"18850128";1
Distribution of linked "o";"19501005";1
Distribution of linked "o";"19870429";1
Distribution of linked "o";"19480531";1
Distribution of linked "o";"18271015";1
Distribution of linked "o";"19080915";1
Distribution of linked "o";"17940930";1
Distribution of linked "o";"18541124";1
Distribution of linked "o";"18541123";1
Distribution of linked "o";"18450822";1
Distribution of linked "o";"19071022";1
Distribution of linked "o";"20080303";1
Distribution of linked "o";"17911210";1
Distribution of linked "o";"18470421";1
Distribution of linked "o";"17571115";1
Distribution of linked "o";"18301209";1
Distribution of linked "o";"17800226";1
Distribution of linked "o";"18561001";1
Distribution of linked "o";"18910203";1
Distribution of linked "o";"19101024";1
Distribution of linked "o";"19980515";1
Distribution of linked "o";"19370606";1
Distribution of linked "o";"19731129";1
Distribution of linked "o";"18971104";1
Distribution of linked "o";"19591209";1
Distribution of linked "o";"19840223";1
Distribution of linked "o";"17920910";1
Distribution of linked "o";"18600818";1
Distribution of linked "o";"18020218";1
Distribution of linked "o";"18700705";1
Distribution of linked "o";"Q552970";1
Distribution of linked "o";"19860625";1
Distribution of linked "o";"19090125";1
Distribution of linked "o";"17700327";1
Distribution of linked "o";"17700328";1
Distribution of linked "o";"18061031";1
Distribution of linked "o";"18420307";1
Distribution of linked "o";"19260220";1
Distribution of linked "o";"18450720";1
Distribution of linked "o";"19300917";1
Distribution of linked "o";"19521212";1
Distribution of linked "o";"18490806";1
Distribution of linked "o";"19400313";1
Distribution of linked "o";"18800212";1
Distribution of linked "o";"19150904";1
Distribution of linked "o";"18281222";1
Distribution of linked "o";"18910501";1
Distribution of linked "o";"18471213";1
Distribution of linked "o";"19230319";1
Distribution of linked "o";"18521002";1
Distribution of linked "o";"19311228";1
Distribution of linked "o";"19311230";1
Distribution of linked "o";"19780306";1
Distribution of linked "o";"19130716";1
Distribution of linked "o";"19690715";1
Distribution of linked "o";"19500802";1
Distribution of linked "o";"20070602";1
Distribution of linked "o";"19660810";1
Distribution of linked "o";"17681017";1
Distribution of linked "o";"18280101";1
Distribution of linked "o";"18280914";1
Distribution of linked "o";"18490526";1
Distribution of linked "o";"19110524";1
Distribution of linked "o";"18820911";1
Distribution of linked "o";"19370307";1
Distribution of linked "o";"18771113";1
Distribution of linked "o";"19341214";1
Distribution of linked "o";"14810101";1
Distribution of linked "o";"19440221";1
Distribution of linked "o";"19740419";1
Distribution of linked "o";"18500409";1
Distribution of linked "o";"19030904";1
Distribution of linked "o";"18140915";1
Distribution of linked "o";"18660323";1
Distribution of linked "o";"17970530";1
Distribution of linked "o";"18301125";1
Distribution of linked "o";"15350701";1
Distribution of linked "o";"15960915";1
Distribution of linked "o";"18360907";1
Distribution of linked "o";"18260711";1
Distribution of linked "o";"Q77991";1
Distribution of linked "o";"19810926";1
Distribution of linked "o";"17770727";1
Distribution of linked "o";"18340517";1
Distribution of linked "o";"18630309";1
Distribution of linked "o";"19270424";1
Distribution of linked "o";"19040926";1
Distribution of linked "o";"18420609";1
Distribution of linked "o";"14531113";1
Distribution of linked "o";"15270419";1
Distribution of linked "o";"18440403";1
Distribution of linked "o";"18991203";1
Distribution of linked "o";"19310511";1
Distribution of linked "o";"17680730";1
Distribution of linked "o";"17660810";1
Distribution of linked "o";"17680810";1
Distribution of linked "o";"18260616";1
Distribution of linked "o";"18260628";1
Distribution of linked "o";"17200811";1
Distribution of linked "o";"17930503";1
Distribution of linked "o";"13090202";1
Distribution of linked "o";"13740411";1
Distribution of linked "o";"19350721";1
Distribution of linked "o";"18780718";1
Distribution of linked "o";"19640104";1
Distribution of linked "o";"18550718";1
Distribution of linked "o";"19810625";1
Distribution of linked "o";"19810614";1
Distribution of linked "o";"19390303";1
Distribution of linked "o";"17800426";1
Distribution of linked "o";"17800425";1
Distribution of linked "o";"18740118";1
Distribution of linked "o";"19671002";1
Distribution of linked "o";"19760116";1
Distribution of linked "o";"19600604";1
Distribution of linked "o";"18510513";1
Distribution of linked "o";"19110912";1
Distribution of linked "o";"20061027";1
Distribution of linked "o";"18830112";1
Distribution of linked "o";"19260228";1
Distribution of linked "o";"19441221";1
Distribution of linked "o";"19780118";1
Distribution of linked "o";"18970111";1
Distribution of linked "o";"19790116";1
Distribution of linked "o";"19571204";1
Distribution of linked "o";"19671025";1
Distribution of linked "o";"16070925";1
Distribution of linked "o";"16340926";1
Distribution of linked "o";"18400308";1
Distribution of linked "o";"19200217";1
Distribution of linked "o";"18900221";1
Distribution of linked "o";"16650731";1
Distribution of linked "o";"17360328";1
Distribution of linked "o";"10300101";1
Distribution of linked "o";"18150212";1
Distribution of linked "o";"19650415";1
Distribution of linked "o";"18211005";1
Distribution of linked "o";"19010827";1
Distribution of linked "o";"15960907";1
Distribution of linked "o";"15961207";1
Distribution of linked "o";"16600915";1
Distribution of linked "o";"18870818";1
Distribution of linked "o";"19730916";1
Distribution of linked "o";"14221016";1
Distribution of linked "o";"15950515";1
Distribution of linked "o";"15950525";1
Distribution of linked "o";"18790511";1
Distribution of linked "o";"17190219";1
Distribution of linked "o";"18400412";1
Distribution of linked "o";"19100905";1
Distribution of linked "o";"17730121";1
Distribution of linked "o";"18451019";1
Distribution of linked "o";"Q61624";1
Distribution of linked "o";"19490428";1
Distribution of linked "o";"19630214";1
Distribution of linked "o";"19030619";1
Distribution of linked "o";"19380205";1
Distribution of linked "o";"18510516";1
Distribution of linked "o";"19031124";1
Distribution of linked "o";"18160515";1
Distribution of linked "o";"18591201";1
Distribution of linked "o";"19231120";1
Distribution of linked "o";"17671202";1
Distribution of linked "o";"18021105";1
Distribution of linked "o";"18340829";1
Distribution of linked "o";"19060114";1
Distribution of linked "o";"19140222";1
Distribution of linked "o";"16800922";1
Distribution of linked "o";"17470116";1
Distribution of linked "o";"18420112";1
Distribution of linked "o";"19171122";1
Distribution of linked "o";"19110325";1
Distribution of linked "o";"19920705";1
Distribution of linked "o";"19931205";1
Distribution of linked "o";"19100506";1
Distribution of linked "o";"18480605";1
Distribution of linked "o";"19190209";1
Distribution of linked "o";"17680808";1
Distribution of linked "o";"17690808";1
Distribution of linked "o";"18350519";1
Distribution of linked "o";"16710520";1
Distribution of linked "o";"17040530";1
Distribution of linked "o";"16850904";1
Distribution of linked "o";"17460516";1
Distribution of linked "o";"19330614";1
Distribution of linked "o";"19770318";1
Distribution of linked "o";"18381130";1
Distribution of linked "o";"19030707";1
Distribution of linked "o";"18700116";1
Distribution of linked "o";"18381123";1
Distribution of linked "o";"19670830";1
Distribution of linked "o";"15481116";1
Distribution of linked "o";"19340219";1
Distribution of linked "o";"20120920";1
Distribution of linked "o";"17010118";1
Distribution of linked "o";"17850930";1
Distribution of linked "o";"17681217";1
Distribution of linked "o";"17661218";1
Distribution of linked "o";"18060826";1
Distribution of linked "o";"19490903";1
Distribution of linked "o";"19440819";1
Distribution of linked "o";"13570101";1
Distribution of linked "o";"14000605";1
Distribution of linked "o";"15641231";1
Distribution of linked "o";"16110302";1
Distribution of linked "o";"15090127";1
Distribution of linked "o";"19280121";1
Distribution of linked "o";"20040216";1
Distribution of linked "o";"18370102";1
Distribution of linked "o";"19711013";1
Distribution of linked "o";"17890907";1
Distribution of linked "o";"18510605";1
Distribution of linked "o";"18030708";1
Distribution of linked "o";"18510809";1
Distribution of linked "o";"17300815";1
Distribution of linked "o";"17891017";1
Distribution of linked "o";"Q5064191";1
Distribution of linked "o";"17380204";1
Distribution of linked "o";"17580407";1
Distribution of linked "o";"17620504";1
Distribution of linked "o";"18160428";1
Distribution of linked "o";"17830802";1
Distribution of linked "o";"18540502";1
Distribution of linked "o";"19600914";1
Distribution of linked "o";"18210901";1
Distribution of linked "o";"18751208";1
Distribution of linked "o";"19800625";1
Distribution of linked "o";"19800131";1
Distribution of linked "o";"18421207";1
Distribution of linked "o";"19160114";1
Distribution of linked "o";"19030314";1
Distribution of linked "o";"19910207";1
Distribution of linked "o";"18660307";1
Distribution of linked "o";"16220827";1
Distribution of linked "o";"16840909";1
Distribution of linked "o";"15620528";1
Distribution of linked "o";"16090325";1
Distribution of linked "o";"17980203";1
Distribution of linked "o";"19130622";1
Distribution of linked "o";"20081017";1
Distribution of linked "o";"18781111";1
Distribution of linked "o";"18781110";1
Distribution of linked "o";"17720811";1
Distribution of linked "o";"18400511";1
Distribution of linked "o";"18780725";1
Distribution of linked "o";"18210403";1
Distribution of linked "o";"18950623";1
Distribution of linked "o";"16600609";1
Distribution of linked "o";"16940504";1
Distribution of linked "o";"18520715";1
Distribution of linked "o";"19230620";1
Distribution of linked "o";"18981009";1
Distribution of linked "o";"18550307";1
Distribution of linked "o";"19431013";1
Distribution of linked "o";"15821017";1
Distribution of linked "o";"16370810";1
Distribution of linked "o";"16370817";1
Distribution of linked "o";"17680814";1
Distribution of linked "o";"17690814";1
Distribution of linked "o";"18260707";1
Distribution of linked "o";"17970503";1
Distribution of linked "o";"18840217";1
Distribution of linked "o";"18171003";1
Distribution of linked "o";"18861121";1
Distribution of linked "o";"16110908";1
Distribution of linked "o";"16711228";1
Distribution of linked "o";"17140506";1
Distribution of linked "o";"17970528";1
Distribution of linked "o";"19500423";1
Distribution of linked "o";"20140730";1
Distribution of linked "o";"19440901";1
Distribution of linked "o";"18910729";1
Distribution of linked "o";"18680921";1
Distribution of linked "o";"19410713";1
Distribution of linked "o";"19461207";1
Distribution of linked "o";"18931220";1
Distribution of linked "o";"19740203";1
Distribution of linked "o";"19711129";1
Distribution of linked "o";"19650524";1
Distribution of linked "o";"18840212";1
Distribution of linked "o";"18120406";1
Distribution of linked "o";"18220517";1
Distribution of linked "o";"19100507";1
Distribution of linked "o";"18880513";1
Distribution of linked "o";"19430919";1
Distribution of linked "o";"18871110";1
Distribution of linked "o";"19801018";1
Distribution of linked "o";"19130516";1
Distribution of linked "o";"20000407";1
Distribution of linked "o";"19841217";1
Distribution of linked "o";"18771206";1
Distribution of linked "o";"18770206";1
Distribution of linked "o";"19780510";1
Distribution of linked "o";"19780720";1
Distribution of linked "o";"16340815";1
Distribution of linked "o";"15750326";1
Distribution of linked "o";"18970925";1
Distribution of linked "o";"19440606";1
Distribution of linked "o";"18351017";1
Distribution of linked "o";"19050127";1
Distribution of linked "o";"13850623";1
Distribution of linked "o";"14590214";1
Distribution of linked "o";"18361127";1
Distribution of linked "o";"19130318";1
Distribution of linked "o";"17770516";1
Distribution of linked "o";"18371216";1
Distribution of linked "o";"18460329";1
Distribution of linked "o";"19240808";1
Distribution of linked "o";"18231210";1
Distribution of linked "o";"16311114";1
Distribution of linked "o";"17190922";1
Distribution of linked "o";"18110803";1
Distribution of linked "o";"18501014";1
Distribution of linked "o";"19600507";1
Distribution of linked "o";"19661215";1
Distribution of linked "o";"19440615";1
Distribution of linked "o";"18330106";1
Distribution of linked "o";"19070306";1
Distribution of linked "o";"16590306";1
Distribution of linked "o";"17250711";1
Distribution of linked "o";"19530302";1
Distribution of linked "o";"18560228";1
Distribution of linked "o";"19430301";1
Distribution of linked "o";"18190324";1
Distribution of linked "o";"18850314";1
Distribution of linked "o";"19830628";1
Distribution of linked "o";"17561020";1
Distribution of linked "o";"18680130";1
Distribution of linked "o";"19451212";1
Distribution of linked "o";"19401120";1
Distribution of linked "o";"19550426";1
Distribution of linked "o";"17700305";1
Distribution of linked "o";"18480503";1
Distribution of linked "o";"19030227";1
Distribution of linked "o";"19701002";1
Distribution of linked "o";"19320611";1
Distribution of linked "o";"19940301";1
Distribution of linked "o";"18370824";1
Distribution of linked "o";"19110610";1
Distribution of linked "o";"18441104";1
Distribution of linked "o";"19131201";1
Distribution of linked "o";"19741106";1
Distribution of linked "o";"19430707";1
Distribution of linked "o";"18580220";1
Distribution of linked "o";"19400716";1
Distribution of linked "o";"19690402";1
Distribution of linked "o";"19580721";1
Distribution of linked "o";"19680430";1
Distribution of linked "o";"19480429";1
Distribution of linked "o";"20011117";1
Distribution of linked "o";"18790211";1
Distribution of linked "o";"Q3077308";1
Distribution of linked "o";"19280704";1
Distribution of linked "o";"19500620";1
Distribution of linked "o";"19560819";1
Distribution of linked "o";"18650121";1
Distribution of linked "o";"09100101";1
Distribution of linked "o";"09730114";1
Distribution of linked "o";"17970815";1
Distribution of linked "o";"18740803";1
Distribution of linked "o";"17240630";1
Distribution of linked "o";"17990821";1
Distribution of linked "o";"18150114";1
Distribution of linked "o";"18910810";1
Distribution of linked "o";"18461212";1
Distribution of linked "o";"18801029";1
Distribution of linked "o";"19410224";1
Distribution of linked "o";"19530923";1
Distribution of linked "o";"19761120";1
Distribution of linked "o";"18891111";1
Distribution of linked "o";"18891101";1
Distribution of linked "o";"18920522";1
Distribution of linked "o";"19700215";1
Distribution of linked "o";"15970129";1
Distribution of linked "o";"19000925";1
Distribution of linked "o";"19710216";1
Distribution of linked "o";"18251111";1
Distribution of linked "o";"19071015";1
Distribution of linked "o";"18831115";1
Distribution of linked "o";"19500422";1
Distribution of linked "o";"19091205";1
Distribution of linked "o";"19840222";1
Distribution of linked "o";"19710223";1
Distribution of linked "o";"18860503";1
Distribution of linked "o";"19411120";1
Distribution of linked "o";"17400902";1
Distribution of linked "o";"18290304";1
Distribution of linked "o";"19070810";1
Distribution of linked "o";"19100414";1
Distribution of linked "o";"19130314";1
Distribution of linked "o";"20060329";1
Distribution of linked "o";"19030124";1
Distribution of linked "o";"19610602";1
Distribution of linked "o";"07470101";1
Distribution of linked "o";"19031007";1
Distribution of linked "o";"18281130";1
Distribution of linked "o";"19071017";1
Distribution of linked "o";"10560211";1
Distribution of linked "o";"17921020";1
Distribution of linked "o";"18521118";1
Distribution of linked "o";"12910101";1
Distribution of linked "o";"13510101";1
Distribution of linked "o";"14870705";1
Distribution of linked "o";"15410429";1
Distribution of linked "o";"19631201";1
Distribution of linked "o";"19930704";1
Distribution of linked "o";"16220615";1
Distribution of linked "o";"17010117";1
Distribution of linked "o";"18110515";1
Distribution of linked "o";"18110505";1
Distribution of linked "o";"18750603";1
Distribution of linked "o";"19310103";1
Distribution of linked "o";"20080111";1
Distribution of linked "o";"19750916";1
Distribution of linked "o";"Q207405";1
Distribution of linked "o";"18640621";1
Distribution of linked "o";"19460903";1
Distribution of linked "o";"16970309";1
Distribution of linked "o";"17601130";1
Distribution of linked "o";"19741227";1
Distribution of linked "o";"19811122";1
Distribution of linked "o";"19100321";1
Distribution of linked "o";"18890129";1
Distribution of linked "o";"19580313";1
Distribution of linked "o";"16980221";1
Distribution of linked "o";"16870221";1
Distribution of linked "o";"17940819";1
Distribution of linked "o";"18711003";1
Distribution of linked "o";"18140730";1
Distribution of linked "o";"18900318";1
Distribution of linked "o";"19750216";1
Distribution of linked "o";"10550101";1
Distribution of linked "o";"18820310";1
Distribution of linked "o";"18360415";1
Distribution of linked "o";"17480403";1
Distribution of linked "o";"19160127";1
Distribution of linked "o";"20070324";1
Distribution of linked "o";"19130105";1
Distribution of linked "o";"19141202";1
Distribution of linked "o";"19110427";1
Distribution of linked "o";"20091012";1
Distribution of linked "o";"18520208";1
Distribution of linked "o";"19320417";1
Distribution of linked "o";"18911223";1
Distribution of linked "o";"19611228";1
Distribution of linked "o";"17970521";1
Distribution of linked "o";"18540911";1
Distribution of linked "o";"19500725";1
Distribution of linked "o";"18500908";1
Distribution of linked "o";"19041022";1
Distribution of linked "o";"19880823";1
Distribution of linked "o";"19130613";1
Distribution of linked "o";"19430911";1
Distribution of linked "o";"19030122";1
Distribution of linked "o";"19660301";1
Distribution of linked "o";"18620319";1
Distribution of linked "o";"19300124";1
Distribution of linked "o";"19351112";1
Distribution of linked "o";"20110330";1
Distribution of linked "o";"19210331";1
Distribution of linked "o";"20060821";1
Distribution of linked "o";"18370622";1
Distribution of linked "o";"18250606";1
Distribution of linked "o";"18800506";1
Distribution of linked "o";"19060707";1
Distribution of linked "o";"19381207";1
Distribution of linked "o";"11881204";1
Distribution of linked "o";"18620206";1
Distribution of linked "o";"19481219";1
Distribution of linked "o";"19451231";1
Distribution of linked "o";"19741113";1
Distribution of linked "o";"19060723";1
Distribution of linked "o";"19560518";1
Distribution of linked "o";"16650413";1
Distribution of linked "o";"18540602";1
Distribution of linked "o";"19320427";1
Distribution of linked "o";"15430411";1
Distribution of linked "o";"15920418";1
Distribution of linked "o";"19610827";1
Distribution of linked "o";"18491205";1
Distribution of linked "o";"19221123";1
Distribution of linked "o";"17610901";1
Distribution of linked "o";"18510810";1
Distribution of linked "o";"19000121";1
Distribution of linked "o";"19900404";1
Distribution of linked "o";"Q113331";1
Distribution of linked "o";"19321122";1
Distribution of linked "o";"18490421";1
Distribution of linked "o";"19221025";1
Distribution of linked "o";"Q937";1
Distribution of linked "o";"18760118";1
Distribution of linked "o";"19361220";1
Distribution of linked "o";"18940516";1
Distribution of linked "o";"19620413";1
Distribution of linked "o";"19591226";1
Distribution of linked "o";"18161028";1
Distribution of linked "o";"19030423";1
Distribution of linked "o";"19030426";1
Distribution of linked "o";"17741104";1
Distribution of linked "o";"18600809";1
Distribution of linked "o";"20040811";1
Distribution of linked "o";"18380524";1
Distribution of linked "o";"19180323";1
Distribution of linked "o";"19080726";1
Distribution of linked "o";"19701205";1
Distribution of linked "o";"19550507";1
Distribution of linked "o";"19630213";1
Distribution of linked "o";"18151204";1
Distribution of linked "o";"18770422";1
Distribution of linked "o";"19470319";1
Distribution of linked "o";"18440504";1
Distribution of linked "o";"20131228";1
Distribution of linked "o";"19391121";1
Distribution of linked "o";"19620123";1
Distribution of linked "o";"18940922";1
Distribution of linked "o";"19760606";1
Distribution of linked "o";"19231205";1
Distribution of linked "o";"19701220";1
Distribution of linked "o";"19790709";1
Distribution of linked "o";"18501112";1
Distribution of linked "o";"19251219";1
Distribution of linked "o";"19250919";1
Distribution of linked "o";"19360712";1
Distribution of linked "o";"19510510";1
Distribution of linked "o";"19461106";1
Distribution of linked "o";"17230130";1
Distribution of linked "o";"17950707";1
Distribution of linked "o";"19620131";1
Distribution of linked "o";"18750728";1
Distribution of linked "o";"15351124";1
Distribution of linked "o";"11830101";1
Distribution of linked "o";"19271201";1
Distribution of linked "o";"20141216";1
Distribution of linked "o";"19381031";1
Distribution of linked "o";"19030804";1
Distribution of linked "o";"19670917";1
Distribution of linked "o";"19760810";1
Distribution of linked "o";"19371220";1
Distribution of linked "o";"18130106";1
Distribution of linked "o";"18951214";1
Distribution of linked "o";"19080325";1
Distribution of linked "o";"19300919";1
Distribution of linked "o";"19430612";1
Distribution of linked "o";"20111018";1
Distribution of linked "o";"18720313";1
Distribution of linked "o";"19191201";1
Distribution of linked "o";"Q104088";1
Distribution of linked "o";"19730504";1
Distribution of linked "o";"19051125";1
Distribution of linked "o";"19120208";1
Distribution of linked "o";"18200901";1
Distribution of linked "o";"18810413";1
Distribution of linked "o";"Q85271";1
Distribution of linked "o";"19781110";1
Distribution of linked "o";"18170407";1
Distribution of linked "o";"18881115";1
Distribution of linked "o";"19830416";1
Distribution of linked "o";"19230326";1
Distribution of linked "o";"18690610";1
Distribution of linked "o";"19490519";1
Distribution of linked "o";"19520510";1
Distribution of linked "o";"19220210";1
Distribution of linked "o";"17960713";1
Distribution of linked "o";"18851117";1
Distribution of linked "o";"18950216";1
Distribution of linked "o";"19770926";1
Distribution of linked "o";"19491018";1
Distribution of linked "o";"19520513";1
Distribution of linked "o";"11240000";1
Distribution of linked "o";"11600000";1
Distribution of linked "o";"18040704";1
Distribution of linked "o";"18640519";1
Distribution of linked "o";"18560621";1
Distribution of linked "o";"19260521";1
Distribution of linked "o";"13920315";1
Distribution of linked "o";"18770226";1
Distribution of linked "o";"19550706";1
Distribution of linked "o";"19430212";1
Distribution of linked "o";"18580325";1
Distribution of linked "o";"18060000";1
Distribution of linked "o";"18630927";1
Distribution of linked "o";"19460805";1
Distribution of linked "o";"16460401";1
Distribution of linked "o";"18130216";1
Distribution of linked "o";"18481024";1
Distribution of linked "o";"18381021";1
Distribution of linked "o";"19140605";1
Distribution of linked "o";"20140512";1
Distribution of linked "o";"19250316";1
Distribution of linked "o";"19481014";1
Distribution of linked "o";"18780508";1
Distribution of linked "o";"18901005";1
Distribution of linked "o";"19660831";1
Distribution of linked "o";"16510225";1
Distribution of linked "o";"16891004";1
Distribution of linked "o";"19470529";1
Distribution of linked "o";"14830101";1
Distribution of linked "o";"18840624";1
Distribution of linked "o";"19161108";1
Distribution of linked "o";"18730317";1
Distribution of linked "o";"19550813";1
Distribution of linked "o";"18570307";1
Distribution of linked "o";"19350314";1
Distribution of linked "o";"18631219";1
Distribution of linked "o";"19341110";1
Distribution of linked "o";"17140212";1
Distribution of linked "o";"17770307";1
Distribution of linked "o";"19700628";1
Distribution of linked "o";"18310418";1
Distribution of linked "o";"19040814";1
Distribution of linked "o";"18030110";1
Distribution of linked "o";"18901203";1
Distribution of linked "o";"17340704";1
Distribution of linked "o";"19870713";1
Distribution of linked "o";"18621225";1
Distribution of linked "o";"19371127";1
Distribution of linked "o";"19280508";1
Distribution of linked "o";"18921227";1
Distribution of linked "o";"19750420";1
Distribution of linked "o";"10170918";1
Distribution of linked "o";"09500101";1
Distribution of linked "o";"Q24382";1
Distribution of linked "o";"Q55044";1
Distribution of linked "o";"19270924";1
Distribution of linked "o";"19591111";1
Distribution of linked "o";"18111203";1
Distribution of linked "o";"18691227";1
Distribution of linked "o";"19301206";1
Distribution of linked "o";"19551106";1
Distribution of linked "o";"19410603";1
Distribution of linked "o";"17710310";1
Distribution of linked "o";"18580206";1
Distribution of linked "o";"18580216";1
Distribution of linked "o";"17791122";1
Distribution of linked "o";"18470304";1
Distribution of linked "o";"19720711";1
Distribution of linked "o";"13710423";1
Distribution of linked "o";"14250313";1
Distribution of linked "o";"17980430";1
Distribution of linked "o";"18691126";1
Distribution of linked "o";"19760914";1
Distribution of linked "o";"20060726";1
Distribution of linked "o";"Q15408589";1
Distribution of linked "o";"19821222";1
Distribution of linked "o";"15080503";1
Distribution of linked "o";"15601212";1
Distribution of linked "o";"19310128";1
Distribution of linked "o";"19701203";1
Distribution of linked "o";"19540406";1
Distribution of linked "o";"18320922";1
Distribution of linked "o";"19120426";1
Distribution of linked "o";"19220203";1
Distribution of linked "o";"20070623";1
Distribution of linked "o";"18460205";1
Distribution of linked "o";"19210202";1
Distribution of linked "o";"19210203";1
Distribution of linked "o";"18950417";1
Distribution of linked "o";"19600831";1
Distribution of linked "o";"11220101";1
Distribution of linked "o";"18581129";1
Distribution of linked "o";"19350119";1
Distribution of linked "o";"18871025";1
Distribution of linked "o";"19430325";1
Distribution of linked "o";"17250806";1
Distribution of linked "o";"17780912";1
Distribution of linked "o";"18110323";1
Distribution of linked "o";"18910107";1
Distribution of linked "o";"19400601";1
Distribution of linked "o";"19680810";1
Distribution of linked "o";"13680825";1
Distribution of linked "o";"13040101";1
Distribution of linked "o";"19840825";1
Distribution of linked "o";"17201003";1
Distribution of linked "o";"17960512";1
Distribution of linked "o";"19830103";1
Distribution of linked "o";"16411114";1
Distribution of linked "o";"16410302";1
Distribution of linked "o";"17101215";1
Distribution of linked "o";"16830515";1
Distribution of linked "o";"16270911";1
Distribution of linked "o";"15711018";1
Distribution of linked "o";"16350427";1
Distribution of linked "o";"16350417";1
Distribution of linked "o";"19810514";1
Distribution of linked "o";"15120117";1
Distribution of linked "o";"15540221";1
Distribution of linked "o";"16250905";1
Distribution of linked "o";"19190208";1
Distribution of linked "o";"19891110";1
Distribution of linked "o";"20010419";1
Distribution of linked "o";"19060817";1
Distribution of linked "o";"19550915";1
Distribution of linked "o";"15401112";1
Distribution of linked "o";"15860330";1
Distribution of linked "o";"18150804";1
Distribution of linked "o";"18770925";1
Distribution of linked "o";"18341118";1
Distribution of linked "o";"19140621";1
Distribution of linked "o";"19440212";1
Distribution of linked "o";"19590527";1
Distribution of linked "o";"18941201";1
Distribution of linked "o";"19750823";1
Distribution of linked "o";"18091209";1
Distribution of linked "o";"18930915";1
Distribution of linked "o";"17621110";1
Distribution of linked "o";"18880217";1
Distribution of linked "o";"19550204";1
Distribution of linked "o";"19000619";1
Distribution of linked "o";"15491113";1
Distribution of linked "o";"18590206";1
Distribution of linked "o";"19130817";1
Distribution of linked "o";"18440502";1
Distribution of linked "o";"19100430";1
Distribution of linked "o";"19690514";1
Distribution of linked "o";"19270425";1
Distribution of linked "o";"20050606";1
Distribution of linked "o";"18880418";1
Distribution of linked "o";"19101109";1
Distribution of linked "o";"19741110";1
Distribution of linked "o";"19960718";1
Distribution of linked "o";"19710531";1
Distribution of linked "o";"18491030";1
Distribution of linked "o";"19011012";1
Distribution of linked "o";"12640801";1
Distribution of linked "o";"18000416";1
Distribution of linked "o";"18791112";1
Distribution of linked "o";"19270823";1
Distribution of linked "o";"20111215";1
Distribution of linked "o";"19820805";1
Distribution of linked "o";"19240423";1
Distribution of linked "o";"20160112";1
Distribution of linked "o";"19331113";1
Distribution of linked "o";"Q70309";1
Distribution of linked "o";"19260208";1
Distribution of linked "o";"19700826";1
Distribution of linked "o";"17320124";1
Distribution of linked "o";"17990518";1
Distribution of linked "o";"20151105";1
Distribution of linked "o";"19061109";1
Distribution of linked "o";"19711211";1
Distribution of linked "o";"19610111";1
Distribution of linked "o";"20150301";1
Distribution of linked "o";"18980803";1
Distribution of linked "o";"19960901";1
Distribution of linked "o";"19110106";1
Distribution of linked "o";"19410830";1
Distribution of linked "o";"16201218";1
Distribution of linked "o";"16680620";1
Distribution of linked "o";"19610225";1
Distribution of linked "o";"17781216";1
Distribution of linked "o";"18320705";1
Distribution of linked "o";"19210425";1
Distribution of linked "o";"19931128";1
Distribution of linked "o";"18131221";1
Distribution of linked "o";"19650219";1
Distribution of linked "o";"19910620";1
Distribution of linked "o";"18010410";1
Distribution of linked "o";"18780927";1
Distribution of linked "o";"18940419";1
Distribution of linked "o";"19751010";1
Distribution of linked "o";"18310222";1
Distribution of linked "o";"18970828";1
Distribution of linked "o";"17820919";1
Distribution of linked "o";"18200211";1
Distribution of linked "o";"19831025";1
Distribution of linked "o";"17710527";1
Distribution of linked "o";"18260316";1
Distribution of linked "o";"18910124";1
Distribution of linked "o";"17421209";1
Distribution of linked "o";"17860521";1
Distribution of linked "o";"18880617";1
Distribution of linked "o";"19340801";1
Distribution of linked "o";"19690529";1
Distribution of linked "o";"18540703";1
Distribution of linked "o";"18930425";1
Distribution of linked "o";"19630119";1
Distribution of linked "o";"11530307";1
Distribution of linked "o";"10900000";1
Distribution of linked "o";"19821102";1
Distribution of linked "o";"18860513";1
Distribution of linked "o";"19510925";1
Distribution of linked "o";"19160814";1
Distribution of linked "o";"18970626";1
Distribution of linked "o";"19950310";1
Distribution of linked "o";"18180701";1
Distribution of linked "o";"18841122";1
Distribution of linked "o";"16910101";1
Distribution of linked "o";"16910413";1
Distribution of linked "o";"17550101";1
Distribution of linked "o";"17551130";1
Distribution of linked "o";"19080517";1
Distribution of linked "o";"19400902";1
Distribution of linked "o";"19910804";1
Distribution of linked "o";"18130301";1
Distribution of linked "o";"18130330";1
Distribution of linked "o";"18721204";1
Distribution of linked "o";"19110527";1
Distribution of linked "o";"19490121";1
Distribution of linked "o";"19481017";1
Distribution of linked "o";"19100425";1
Distribution of linked "o";"19780305";1
Distribution of linked "o";"19020714";1
Distribution of linked "o";"19480831";1
Distribution of linked "o";"19090930";1
Distribution of linked "o";"19500408";1
Distribution of linked "o";"16081026";1
Distribution of linked "o";"17531229";1
Distribution of linked "o";"18200609";1
Distribution of linked "o";"19061114";1
Distribution of linked "o";"20020422";1
Distribution of linked "o";"15270611";1
Distribution of linked "o";"15910206";1
Distribution of linked "o";"14420110";1
Distribution of linked "o";"14791023";1
Distribution of linked "o";"Q204181";1
Distribution of linked "o";"18851010";1
Distribution of linked "o";"19310225";1
Distribution of linked "o";"15371004";1
Distribution of linked "o";"18430506";1
Distribution of linked "o";"18800328";1
Distribution of linked "o";"19340212";1
Distribution of linked "o";"19761117";1
Distribution of linked "o";"13220907";1
Distribution of linked "o";"12670101";1
Distribution of linked "o";"18030305";1
Distribution of linked "o";"18610706";1
Distribution of linked "o";"19611117";1
Distribution of linked "o";"18450625";1
Distribution of linked "o";"19130203";1
Distribution of linked "o";"18620621";1
Distribution of linked "o";"19740302";1
Distribution of linked "o";"19750923";1
Distribution of linked "o";"18230814";1
Distribution of linked "o";"18991115";1
Distribution of linked "o";"18950311";1
Distribution of linked "o";"18940915";1
Distribution of linked "o";"19651122";1
Distribution of linked "o";"19070805";1
Distribution of linked "o";"19431105";1
Distribution of linked "o";"18820212";1
Distribution of linked "o";"19550905";1
Distribution of linked "o";"19550907";1
Distribution of linked "o";"18140827";1
Distribution of linked "o";"18300311";1
Distribution of linked "o";"18961223";1
Distribution of linked "o";"15270101";1
Distribution of linked "o";"18700419";1
Distribution of linked "o";"19860520";1
Distribution of linked "o";"19630714";1
Distribution of linked "o";"17110905";1
Distribution of linked "o";"17561007";1
Distribution of linked "o";"18610210";1
Distribution of linked "o";"18260731";1
Distribution of linked "o";"18820706";1
Distribution of linked "o";"18690708";1
Distribution of linked "o";"19090430";1
Distribution of linked "o";"15790617";1
Distribution of linked "o";"16500117";1
Distribution of linked "o";"19400714";1
Distribution of linked "o";"18780625";1
Distribution of linked "o";"17860723";1
Distribution of linked "o";"18650528";1
Distribution of linked "o";"18690818";1
Distribution of linked "o";"19431121";1
Distribution of linked "o";"19860404";1
Distribution of linked "o";"18110409";1
Distribution of linked "o";"17810126";1
Distribution of linked "o";"18310121";1
Distribution of linked "o";"17640420";1
Distribution of linked "o";"18340330";1
Distribution of linked "o";"18690830";1
Distribution of linked "o";"19400505";1
Distribution of linked "o";"19970526";1
Distribution of linked "o";"19191231";1
Distribution of linked "o";"20160127";1
Distribution of linked "o";"18510520";1
Distribution of linked "o";"19290803";1
Distribution of linked "o";"19551208";1
Distribution of linked "o";"19551209";1
Distribution of linked "o";"19420312";1
Distribution of linked "o";"18610923";1
Distribution of linked "o";"19170123";1
Distribution of linked "o";"18590711";1
Distribution of linked "o";"19170628";1
Distribution of linked "o";"Q2262943";1
Distribution of linked "o";"Q21899319";1
Distribution of linked "o";"18190729";1
Distribution of linked "o";"14991208";1
Distribution of linked "o";"15610709";1
Distribution of linked "o";"18240331";1
Distribution of linked "o";"19070529";1
Distribution of linked "o";"18300820";1
Distribution of linked "o";"18880423";1
Distribution of linked "o";"18941208";1
Distribution of linked "o";"19860124";1
Distribution of linked "o";"16850624";1
Distribution of linked "o";"17681116";1
Distribution of linked "o";"Q155452";1
Distribution of linked "o";"18710301";1
Distribution of linked "o";"19040608";1
Distribution of linked "o";"19770201";1
Distribution of linked "o";"19540703";1
Distribution of linked "o";"19100114";1
Distribution of linked "o";"19310515";1
Distribution of linked "o";"18370314";1
Distribution of linked "o";"18941212";1
Distribution of linked "o";"16431123";1
Distribution of linked "o";"17220331";1
Distribution of linked "o";"18441011";1
Distribution of linked "o";"18750416";1
Distribution of linked "o";"19331202";1
Distribution of linked "o";"18170510";1
Distribution of linked "o";"18770417";1
Distribution of linked "o";"15590219";1
Distribution of linked "o";"15880617";1
Distribution of linked "o";"19530304";1
Distribution of linked "o";"08230613";1
Distribution of linked "o";"08771006";1
Distribution of linked "o";"18230420";1
Distribution of linked "o";"18760302";1
Distribution of linked "o";"19760503";1
Distribution of linked "o";"13290121";1
Distribution of linked "o";"12620101";1
Distribution of linked "o";"12670000";1
Distribution of linked "o";"18460701";1
Distribution of linked "o";"16521202";1
Distribution of linked "o";"17071224";1
Distribution of linked "o";"18940808";1
Distribution of linked "o";"19510624";1
Distribution of linked "o";"19130311";1
Distribution of linked "o";"19440323";1
Distribution of linked "o";"19770108";1
Distribution of linked "o";"17741205";1
Distribution of linked "o";"18350626";1
Distribution of linked "o";"14521210";1
Distribution of linked "o";"15310216";1
Distribution of linked "o";"19290306";1
Distribution of linked "o";"19301211";1
Distribution of linked "o";"19471006";1
Distribution of linked "o";"15490201";1
Distribution of linked "o";"16390820";1
Distribution of linked "o";"18400623";1
Distribution of linked "o";"19290618";1
Distribution of linked "o";"17950422";1
Distribution of linked "o";"18631022";1
Distribution of linked "o";"18150521";1
Distribution of linked "o";"18701116";1
Distribution of linked "o";"17900713";1
Distribution of linked "o";"15570913";1
Distribution of linked "o";"18300217";1
Distribution of linked "o";"18740503";1
Distribution of linked "o";"19320626";1
Distribution of linked "o";"19270204";1
Distribution of linked "o";"19400918";1
Distribution of linked "o";"18850114";1
Distribution of linked "o";"18880630";1
Distribution of linked "o";"Q1478312";1
Distribution of linked "o";"18650702";1
Distribution of linked "o";"19160809";1
Distribution of linked "o";"19320717";1
Distribution of linked "o";"18300413";1
Distribution of linked "o";"19040115";1
Distribution of linked "o";"13261009";1
Distribution of linked "o";"19681109";1
Distribution of linked "o";"18940507";1
Distribution of linked "o";"19660616";1
Distribution of linked "o";"Q1045524";1
Distribution of linked "o";"19760902";1
Distribution of linked "o";"18771016";1
Distribution of linked "o";"19630123";1
Distribution of linked "o";"18570922";1
Distribution of linked "o";"19431220";1
Distribution of linked "o";"18990815";1
Distribution of linked "o";"19891125";1
Distribution of linked "o";"14740101";1
Distribution of linked "o";"19610501";1
Distribution of linked "o";"18701010";1
Distribution of linked "o";"15361122";1
Distribution of linked "o";"15351122";1
Distribution of linked "o";"16061008";1
Distribution of linked "o";"16061018";1
Distribution of linked "o";"14730919";1
Distribution of linked "o";"18171004";1
Distribution of linked "o";"13650101";1
Distribution of linked "o";"14010101";1
Distribution of linked "o";"18901029";1
Distribution of linked "o";"19770530";1
Distribution of linked "o";"Q73768";1
Distribution of linked "o";"18990430";1
Distribution of linked "o";"19760728";1
Distribution of linked "o";"19060520";1
Distribution of linked "o";"20040730";1
Distribution of linked "o";"19391007";1
Distribution of linked "o";"18180830";1
Distribution of linked "o";"19050630";1
Distribution of linked "o";"19100516";1
Distribution of linked "o";"19840402";1
Distribution of linked "o";"16330906";1
Distribution of linked "o";"16761010";1
Distribution of linked "o";"19080610";1
Distribution of linked "o";"19500712";1
Distribution of linked "o";"19211015";1
Distribution of linked "o";"19891101";1
Distribution of linked "o";"19690903";1
Distribution of linked "o";"18971006";1
Distribution of linked "o";"19740504";1
Distribution of linked "o";"19640707";1
Distribution of linked "o";"15080827";1
Distribution of linked "o";"17830721";1
Distribution of linked "o";"17820721";1
Distribution of linked "o";"18560227";1
Distribution of linked "o";"18090606";1
Distribution of linked "o";"18810924";1
Distribution of linked "o";"18471226";1
Distribution of linked "o";"19160131";1
Distribution of linked "o";"19860214";1
Distribution of linked "o";"15160423";1
Distribution of linked "o";"15710717";1
Distribution of linked "o";"17831211";1
Distribution of linked "o";"18171211";1
Distribution of linked "o";"19620602";1
Distribution of linked "o";"18511209";1
Distribution of linked "o";"19181205";1
Distribution of linked "o";"19751025";1
Distribution of linked "o";"18510704";1
Distribution of linked "o";"19250622";1
Distribution of linked "o";"Q1701248";1
Distribution of linked "o";"19100530";1
Distribution of linked "o";"20040710";1
Distribution of linked "o";"16750208";1
Distribution of linked "o";"16940414";1
Distribution of linked "o";"16940404";1
Distribution of linked "o";"19440328";1
Distribution of linked "o";"17700222";1
Distribution of linked "o";"18490309";1
Distribution of linked "o";"19190803";1
Distribution of linked "o";"19820401";1
Distribution of linked "o";"19490318";1
Distribution of linked "o";"19560727";1
Distribution of linked "o";"18330407";1
Distribution of linked "o";"Q368909";1
Distribution of linked "o";"18941219";1
Distribution of linked "o";"19630420";1
Distribution of linked "o";"18950923";1
Distribution of linked "o";"18950724";1
Distribution of linked "o";"19340317";1
Distribution of linked "o";"19450803";1
Distribution of linked "o";"20090212";1
Distribution of linked "o";"18390614";1
Distribution of linked "o";"18860125";1
Distribution of linked "o";"18401212";1
Distribution of linked "o";"19190917";1
Distribution of linked "o";"Q333862";1
Distribution of linked "o";"Q6217401";1
Distribution of linked "o";"17840127";1
Distribution of linked "o";"17541012";1
Distribution of linked "o";"16930123";1
Distribution of linked "o";"17500218";1
Distribution of linked "o";"19130715";1
Distribution of linked "o";"20090611";1
Distribution of linked "o";"18520730";1
Distribution of linked "o";"19321111";1
Distribution of linked "o";"19880517";1
Distribution of linked "o";"19860516";1
Distribution of linked "o";"18560205";1
Distribution of linked "o";"17220419";1
Distribution of linked "o";"17700806";1
Distribution of linked "o";"17980220";1
Distribution of linked "o";"18700214";1
Distribution of linked "o";"16370819";1
Distribution of linked "o";"17061203";1
Distribution of linked "o";"19890123";1
Distribution of linked "o";"17430308";1
Distribution of linked "o";"17940111";1
Distribution of linked "o";"18080727";1
Distribution of linked "o";"18740205";1
Distribution of linked "o";"19420727";1
Distribution of linked "o";"16470106";1
Distribution of linked "o";"17210510";1
Distribution of linked "o";"19420703";1
Distribution of linked "o";"18461227";1
Distribution of linked "o";"18891127";1
Distribution of linked "o";"19590120";1
Distribution of linked "o";"19870428";1
Distribution of linked "o";"17650818";1
Distribution of linked "o";"18290530";1
Distribution of linked "o";"15730629";1
Distribution of linked "o";"18891220";1
Distribution of linked "o";"19740107";1
Distribution of linked "o";"19011203";1
Distribution of linked "o";"17070804";1
Distribution of linked "o";"17810911";1
Distribution of linked "o";"19091015";1
Distribution of linked "o";"18980912";1
Distribution of linked "o";"19471209";1
Distribution of linked "o";"18810527";1
Distribution of linked "o";"19690523";1
Distribution of linked "o";"19690323";1
Distribution of linked "o";"18270421";1
Distribution of linked "o";"19090513";1
Distribution of linked "o";"18271018";1
Distribution of linked "o";"18921015";1
Distribution of linked "o";"18010429";1
Distribution of linked "o";"18820425";1
Distribution of linked "o";"18880319";1
Distribution of linked "o";"19610430";1
Distribution of linked "o";"Q60525";1
Distribution of linked "o";"18390215";1
Distribution of linked "o";"18830423";1
Distribution of linked "o";"19831008";1
Distribution of linked "o";"18801228";1
Distribution of linked "o";"19140217";1
Distribution of linked "o";"19141217";1
Distribution of linked "o";"18440429";1
Distribution of linked "o";"19280221";1
Distribution of linked "o";"19180428";1
Distribution of linked "o";"20010920";1
Distribution of linked "o";"19640420";1
Distribution of linked "o";"18190108";1
Distribution of linked "o";"18761214";1
Distribution of linked "o";"19040830";1
Distribution of linked "o";"19970628";1
Distribution of linked "o";"16330101";1
Distribution of linked "o";"16360511";1
Distribution of linked "o";"18970403";1
Distribution of linked "o";"18620707";1
Distribution of linked "o";"19390307";1
Distribution of linked "o";"17830919";1
Distribution of linked "o";"18290504";1
Distribution of linked "o";"Q6069145";1
Distribution of linked "o";"19020510";1
Distribution of linked "o";"19650622";1
Distribution of linked "o";"18611010";1
Distribution of linked "o";"19300513";1
Distribution of linked "o";"19000514";1
Distribution of linked "o";"19710912";1
Distribution of linked "o";"18940401";1
Distribution of linked "o";"19750322";1
Distribution of linked "o";"19670818";1
Distribution of linked "o";"18960324";1
Distribution of linked "o";"19530826";1
Distribution of linked "o";"19490402";1
Distribution of linked "o";"18701009";1
Distribution of linked "o";"19340520";1
Distribution of linked "o";"18391008";1
Distribution of linked "o";"19110608";1
Distribution of linked "o";"20120923";1
Distribution of linked "o";"19540513";1
Distribution of linked "o";"18930827";1
Distribution of linked "o";"19511118";1
Distribution of linked "o";"20010917";1
Distribution of linked "o";"17760106";1
Distribution of linked "o";"18090531";1
Distribution of linked "o";"19750605";1
Distribution of linked "o";"18661102";1
Distribution of linked "o";"19561022";1
Distribution of linked "o";"19561029";1
Distribution of linked "o";"15800505";1
Distribution of linked "o";"16350910";1
Distribution of linked "o";"18190606";1
Distribution of linked "o";"18920107";1
Distribution of linked "o";"17690329";1
Distribution of linked "o";"18380628";1
Distribution of linked "o";"19130511";1
Distribution of linked "o";"19940714";1
Distribution of linked "o";"19230828";1
Distribution of linked "o";"19440902";1
Distribution of linked "o";"19840418";1
Distribution of linked "o";"17540520";1
Distribution of linked "o";"18330413";1
Distribution of linked "o";"15580316";1
Distribution of linked "o";"19780220";1
Distribution of linked "o";"19850119";1
Distribution of linked "o";"18551016";1
Distribution of linked "o";"16280000";1
Distribution of linked "o";"16910000";1
Distribution of linked "o";"19491218";1
Distribution of linked "o";"19751014";1
Distribution of linked "o";"18510414";1
Distribution of linked "o";"19140922";1
Distribution of linked "o";"19990627";1
Distribution of linked "o";"16610125";1
Distribution of linked "o";"17280225";1
Distribution of linked "o";"18671127";1
Distribution of linked "o";"18090103";1
Distribution of linked "o";"18730102";1
Distribution of linked "o";"20071020";1
Distribution of linked "o";"19340327";1
Distribution of linked "o";"17920916";1
Distribution of linked "o";"18460206";1
Distribution of linked "o";"19070706";1
Distribution of linked "o";"18990819";1
Distribution of linked "o";"19810815";1
Distribution of linked "o";"18110224";1
Distribution of linked "o";"17611227";1
Distribution of linked "o";"18300810";1
Distribution of linked "o";"Q623123";1
Distribution of linked "o";"19740131";1
Distribution of linked "o";"19120213";1
Distribution of linked "o";"20021031";1
Distribution of linked "o";"18881025";1
Distribution of linked "o";"19611008";1
Distribution of linked "o";"19660911";1
Distribution of linked "o";"19640716";1
Distribution of linked "o";"17230318";1
Distribution of linked "o";"17990517";1
Distribution of linked "o";"19450414";1
Distribution of linked "o";"18920802";1
Distribution of linked "o";"19780909";1
Distribution of linked "o";"18330511";1
Distribution of linked "o";"18841010";1
Distribution of linked "o";"19860706";1
Distribution of linked "o";"19250307";1
Distribution of linked "o";"20001116";1
Distribution of linked "o";"19041227";1
Distribution of linked "o";"Q5571325";1
Distribution of linked "o";"19090405";1
Distribution of linked "o";"19960627";1
Distribution of linked "o";"Q3530838";1
Distribution of linked "o";"19470814";1
Distribution of linked "o";"18100528";1
Distribution of linked "o";"18921231";1
Distribution of linked "o";"18091102";1
Distribution of linked "o";"18880828";1
Distribution of linked "o";"18650713";1
Distribution of linked "o";"19161123";1
Distribution of linked "o";"19161124";1
Distribution of linked "o";"18300831";1
Distribution of linked "o";"19080913";1
Distribution of linked "o";"19760405";1
Distribution of linked "o";"19000605";1
Distribution of linked "o";"19160324";1
Distribution of linked "o";"19430823";1
Distribution of linked "o";"19600707";1
Distribution of linked "o";"17880917";1
Distribution of linked "o";"18590903";1
Distribution of linked "o";"19660220";1
Distribution of linked "o";"19441207";1
Distribution of linked "o";"19030809";1
Distribution of linked "o";"17890802";1
Distribution of linked "o";"18680123";1
Distribution of linked "o";"18880214";1
Distribution of linked "o";"19731010";1
Distribution of linked "o";"19640128";1
Distribution of linked "o";"19790127";1
Distribution of linked "o";"18900407";1
Distribution of linked "o";"19030302";1
Distribution of linked "o";"19910120";1
Distribution of linked "o";"18810106";1
Distribution of linked "o";"19390129";1
Distribution of linked "o";"19560319";1
Distribution of linked "o";"18831210";1
Distribution of linked "o";"17700320";1
Distribution of linked "o";"18280327";1
Distribution of linked "o";"19740523";1
Distribution of linked "o";"17920327";1
Distribution of linked "o";"18630513";1
Distribution of linked "o";"18971119";1
Distribution of linked "o";"19381027";1
Distribution of linked "o";"18651015";1
Distribution of linked "o";"19270912";1
Distribution of linked "o";"18200416";1
Distribution of linked "o";"18850812";1
Distribution of linked "o";"19500707";1
Distribution of linked "o";"18100906";1
Distribution of linked "o";"18100908";1
Distribution of linked "o";"18751110";1
Distribution of linked "o";"18751109";1
Distribution of linked "o";"19370119";1
Distribution of linked "o";"19610824";1
Distribution of linked "o";"19400317";1
Distribution of linked "o";"17090717";1
Distribution of linked "o";"17851008";1
Distribution of linked "o";"19480307";1
Distribution of linked "o";"19020916";1
Distribution of linked "o";"19430216";1
Distribution of linked "o";"19570807";1
Distribution of linked "o";"19870120";1
Distribution of linked "o";"20010127";1
Distribution of linked "o";"13070101";1
Distribution of linked "o";"18530620";1
Distribution of linked "o";"19130429";1
Distribution of linked "o";"17140211";1
Distribution of linked "o";"18000103";1
Distribution of linked "o";"18810703";1
Distribution of linked "o";"19670926";1
Distribution of linked "o";"15470922";1
Distribution of linked "o";"15901129";1
Distribution of linked "o";"Q274169";1
Distribution of linked "o";"19030503";1
Distribution of linked "o";"19771014";1
Distribution of linked "o";"18770912";1
Distribution of linked "o";"19541004";1
Distribution of linked "o";"18840427";1
Distribution of linked "o";"19300622";1
Distribution of linked "o";"20160309";1
Distribution of linked "o";"15801020";1
Distribution of linked "o";"16390606";1
Distribution of linked "o";"16251216";1
Distribution of linked "o";"16990321";1
Distribution of linked "o";"18810202";1
Distribution of linked "o";"19530322";1
Distribution of linked "o";"19290321";1
Distribution of linked "o";"20120704";1
Distribution of linked "o";"19160820";1
Distribution of linked "o";"19840811";1
Distribution of linked "o";"18860527";1
Distribution of linked "o";"19381007";1
Distribution of linked "o";"18960526";1
Distribution of linked "o";"19020201";1
Distribution of linked "o";"19500306";1
Distribution of linked "o";"19240819";1
Distribution of linked "o";"20110507";1
Distribution of linked "o";"17980218";1
Distribution of linked "o";"18550215";1
Distribution of linked "o";"19460914";1
Distribution of linked "o";"17970620";1
Distribution of linked "o";"18800812";1
Distribution of linked "o";"15950527";1
Distribution of linked "o";"16660830";1
Distribution of linked "o";"19010902";1
Distribution of linked "o";"19700625";1
Distribution of linked "o";"17820101";1
Distribution of linked "o";"18661107";1
Distribution of linked "o";"Q304857";1
Distribution of linked "o";"18300807";1
Distribution of linked "o";"19131119";1
Distribution of linked "o";"19930430";1
Distribution of linked "o";"18300520";1
Distribution of linked "o";"17731218";1
Distribution of linked "o";"19471128";1
Distribution of linked "o";"18931229";1
Distribution of linked "o";"19060221";1
Distribution of linked "o";"19931001";1
Distribution of linked "o";"18550716";1
Distribution of linked "o";"19230815";1
Distribution of linked "o";"19480822";1
Distribution of linked "o";"19040216";1
Distribution of linked "o";"17540901";1
Distribution of linked "o";"19621011";1
Distribution of linked "o";"16430206";1
Distribution of linked "o";"17120704";1
Distribution of linked "o";"18130127";1
Distribution of linked "o";"18950602";1
Distribution of linked "o";"18010924";1
Distribution of linked "o";"18890915";1
Distribution of linked "o";"19380824";1
Distribution of linked "o";"18200128";1
Distribution of linked "o";"18880914";1
Distribution of linked "o";"19411008";1
Distribution of linked "o";"17810101";1
Distribution of linked "o";"19960311";1
Distribution of linked "o";"19070203";1
Distribution of linked "o";"18180110";1
Distribution of linked "o";"18980119";1
Distribution of linked "o";"19560830";1
Distribution of linked "o";"19610913";1
Distribution of linked "o";"19390602";1
Distribution of linked "o";"19080705";1
Distribution of linked "o";"19840512";1
Distribution of linked "o";"19820926";1
Distribution of linked "o";"19410118";1
Distribution of linked "o";"19780116";1
Distribution of linked "o";"19030226";1
Distribution of linked "o";"19871129";1
Distribution of linked "o";"18670714";1
Distribution of linked "o";"19371024";1
Distribution of linked "o";"18691007";1
Distribution of linked "o";"19390421";1
Distribution of linked "o";"19900417";1
Distribution of linked "o";"19130812";1
Distribution of linked "o";"19120509";1
Distribution of linked "o";"20100517";1
Distribution of linked "o";"16280131";1
Distribution of linked "o";"Q23757274";1
Distribution of linked "o";"19611104";1
Distribution of linked "o";"17741018";1
Distribution of linked "o";"18290611";1
Distribution of linked "o";"19050707";1
Distribution of linked "o";"18680430";1
Distribution of linked "o";"19420504";1
Distribution of linked "o";"18601213";1
Distribution of linked "o";"19360901";1
Distribution of linked "o";"20090809";1
Distribution of linked "o";"19180830";1
Distribution of linked "o";"18510324";1
Distribution of linked "o";"19270430";1
Distribution of linked "o";"19270501";1
Distribution of linked "o";"18440130";1
Distribution of linked "o";"19050408";1
Distribution of linked "o";"19800415";1
Distribution of linked "o";"16841209";1
Distribution of linked "o";"17511118";1
Distribution of linked "o";"18500816";1
Distribution of linked "o";"17271206";1
Distribution of linked "o";"17271204";1
Distribution of linked "o";"17590406";1
Distribution of linked "o";"12510101";1
Distribution of linked "o";"19041021";1
Distribution of linked "o";"18600708";1
Distribution of linked "o";"18600608";1
Distribution of linked "o";"19251025";1
Distribution of linked "o";"19800506";1
Distribution of linked "o";"18530321";1
Distribution of linked "o";"19440203";1
Distribution of linked "o";"19141002";1
Distribution of linked "o";"18500122";1
Distribution of linked "o";"19360528";1
Distribution of linked "o";"18911204";1
Distribution of linked "o";"19740309";1
Distribution of linked "o";"19950413";1
Distribution of linked "o";"19220714";1
Distribution of linked "o";"18111220";1
Distribution of linked "o";"18831221";1
Distribution of linked "o";"19880809";1
Distribution of linked "o";"14191101";1
Distribution of linked "o";"13640711";1
Distribution of linked "o";"17900721";1
Distribution of linked "o";"18660803";1
Distribution of linked "o";"Q2516838";1
Distribution of linked "o";"19790825";1
Distribution of linked "o";"20150713";1
Distribution of linked "o";"18251218";1
Distribution of linked "o";"18670915";1
Distribution of linked "o";"17420912";1
Distribution of linked "o";"18230816";1
Distribution of linked "o";"11790101";1
Distribution of linked "o";"11430101";1
Distribution of linked "o";"19440216";1
Distribution of linked "o";"19870422";1
Distribution of linked "o";"19970309";1
Distribution of linked "o";"18980127";1
Distribution of linked "o";"19800513";1
Distribution of linked "o";"19641210";1
Distribution of linked "o";"18760306";1
Distribution of linked "o";"19600913";1
Distribution of linked "o";"19520000";1
Distribution of linked "o";"19380717";1
Distribution of linked "o";"19730811";1
Distribution of linked "o";"19540301";1
Distribution of linked "o";"15720714";1
Distribution of linked "o";"16530607";1
Distribution of linked "o";"16530707";1
Distribution of linked "o";"19531206";1
Distribution of linked "o";"18620611";1
Distribution of linked "o";"19600407";1
Distribution of linked "o";"18930417";1
Distribution of linked "o";"19450906";1
Distribution of linked "o";"17900923";1
Distribution of linked "o";"18720327";1
Distribution of linked "o";"19721225";1
Distribution of linked "o";"18941026";1
Distribution of linked "o";"19591228";1
Distribution of linked "o";"19640706";1
Distribution of linked "o";"19670110";1
Distribution of linked "o";"Q71463";1
Distribution of linked "o";"19980930";1
Distribution of linked "o";"18920111";1
Distribution of linked "o";"19780315";1
Distribution of linked "o";"18721115";1
Distribution of linked "o";"19451209";1
Distribution of linked "o";"19420214";1
Distribution of linked "o";"08870111";1
Distribution of linked "o";"08440101";1
Distribution of linked "o";"12770501";1
Distribution of linked "o";"12200101";1
Distribution of linked "o";"19311108";1
Distribution of linked "o";"20070427";1
Distribution of linked "o";"19070602";1
Distribution of linked "o";"19691027";1
Distribution of linked "o";"19610805";1
Distribution of linked "o";"19530624";1
Distribution of linked "o";"15840720";1
Distribution of linked "o";"19261001";1
Distribution of linked "o";"19790311";1
Distribution of linked "o";"16361226";1
Distribution of linked "o";"17051110";1
Distribution of linked "o";"17611002";1
Distribution of linked "o";"18371225";1
Distribution of linked "o";"19830125";1
Distribution of linked "o";"19401218";1
Distribution of linked "o";"20000107";1
Distribution of linked "o";"19220121";1
Distribution of linked "o";"19951119";1
Distribution of linked "o";"18021225";1
Distribution of linked "o";"18720108";1
Distribution of linked "o";"18720102";1
Distribution of linked "o";"19660212";1
Distribution of linked "o";"19650907";1
Distribution of linked "o";"18080428";1
Distribution of linked "o";"19500530";1
Distribution of linked "o";"19351201";1
Distribution of linked "o";"19400125";1
Distribution of linked "o";"18930506";1
Distribution of linked "o";"19611221";1
Distribution of linked "o";"19260914";1
Distribution of linked "o";"19960221";1
Distribution of linked "o";"19360711";1
Distribution of linked "o";"20120307";1
Distribution of linked "o";"18921011";1
Distribution of linked "o";"19510628";1
Distribution of linked "o";"19621009";1
Distribution of linked "o";"18980811";1
Distribution of linked "o";"17590501";1
Distribution of linked "o";"18080517";1
Distribution of linked "o";"19930115";1
Distribution of linked "o";"19760906";1
Distribution of linked "o";"18930807";1
Distribution of linked "o";"19710806";1
Distribution of linked "o";"19720105";1
Distribution of linked "o";"19460128";1
Distribution of linked "o";"19630816";1
Distribution of linked "o";"19190331";1
Distribution of linked "o";"19940914";1
Distribution of linked "o";"19630817";1
Distribution of linked "o";"19860525";1
Distribution of linked "o";"19640917";1
Distribution of linked "o";"18941014";1
Distribution of linked "o";"19701112";1
Distribution of linked "o";"19460526";1
Distribution of linked "o";"19640807";1
Distribution of linked "o";"15530513";1
Distribution of linked "o";"19640713";1
Distribution of linked "o";"18890303";1
Distribution of linked "o";"19321219";1
Distribution of linked "o";"19830521";1
Distribution of linked "o";"19830527";1
Distribution of linked "o";"18271229";1
Distribution of linked "o";"18670611";1
Distribution of linked "o";"18860522";1
Distribution of linked "o";"19520906";1
Distribution of linked "o";"18540607";1
Distribution of linked "o";"19351208";1
Distribution of linked "o";"19790920";1
Distribution of linked "o";"18981117";1
Distribution of linked "o";"18981127";1
Distribution of linked "o";"19450303";1
Distribution of linked "o";"18670204";1
Distribution of linked "o";"19451002";1
Distribution of linked "o";"18950403";1
Distribution of linked "o";"19690617";1
Distribution of linked "o";"18281121";1
Distribution of linked "o";"18180614";1
Distribution of linked "o";"18510719";1
Distribution of linked "o";"19440215";1
Distribution of linked "o";"19310524";1
Distribution of linked "o";"19850509";1
Distribution of linked "o";"19730113";1
Distribution of linked "o";"19380124";1
Distribution of linked "o";"19860508";1
Distribution of linked "o";"18891006";1
Distribution of linked "o";"19770705";1
Distribution of linked "o";"19100107";1
Distribution of linked "o";"19390915";1
Distribution of linked "o";"20001107";1
Distribution of linked "o";"19541011";1
Distribution of linked "o";"18161101";1
Distribution of linked "o";"18770706";1
Distribution of linked "o";"19620102";1
Distribution of linked "o";"18320325";1
Distribution of linked "o";"18960825";1
Distribution of linked "o";"19851002";1
Distribution of linked "o";"19380319";1
Distribution of linked "o";"19820128";1
Distribution of linked "o";"19040517";1
Distribution of linked "o";"19890827";1
Distribution of linked "o";"19671229";1
Distribution of linked "o";"18860117";1
Distribution of linked "o";"19690824";1
Distribution of linked "o";"17020101";1
Distribution of linked "o";"19821023";1
Distribution of linked "o";"19370506";1
Distribution of linked "o";"18470302";1
Distribution of linked "o";"19730507";1
Distribution of linked "o";"Q1328395";1
Distribution of linked "o";"19740927";1
Distribution of linked "o";"18910214";1
Distribution of linked "o";"18420625";1
Distribution of linked "o";"19061107";1
Distribution of linked "o";"19140318";1
Distribution of linked "o";"19800706";1
Distribution of linked "o";"19420516";1
Distribution of linked "o";"20040711";1
Distribution of linked "o";"18640821";1
Distribution of linked "o";"19260605";1
Distribution of linked "o";"18611209";1
Distribution of linked "o";"18830414";1
Distribution of linked "o";"18230924";1
Distribution of linked "o";"19000409";1
Distribution of linked "o";"19310928";1
Distribution of linked "o";"16880831";1
Distribution of linked "o";"Q196160";1
Distribution of linked "o";"19081212";1
Distribution of linked "o";"18640221";1
Distribution of linked "o";"17100810";1
Distribution of linked "o";"17671022";1
Distribution of linked "o";"18340319";1
Distribution of linked "o";"20130726";1
Distribution of linked "o";"12071025";1
Distribution of linked "o";"17120101";1
Distribution of linked "o";"19220309";1
Distribution of linked "o";"19441231";1
Distribution of linked "o";"18470926";1
Distribution of linked "o";"19260206";1
Distribution of linked "o";"19731204";1
Distribution of linked "o";"19421201";1
Distribution of linked "o";"19020921";1
Distribution of linked "o";"19450314";1
Distribution of linked "o";"19840226";1
Distribution of linked "o";"20091129";1
Distribution of linked "o";"19270405";1
Distribution of linked "o";"18540812";1
Distribution of linked "o";"19350708";1
Distribution of linked "o";"17910215";1
Distribution of linked "o";"18370223";1
Distribution of linked "o";"19620110";1
Distribution of linked "o";"18060314";1
Distribution of linked "o";"18820418";1
Distribution of linked "o";"16951201";1
Distribution of linked "o";"17561121";1
Distribution of linked "o";"18691031";1
Distribution of linked "o";"19330404";1
Distribution of linked "o";"19071223";1
Distribution of linked "o";"16571126";1
Distribution of linked "o";"17290318";1
Distribution of linked "o";"17781224";1
Distribution of linked "o";"19750620";1
Distribution of linked "o";"18160114";1
Distribution of linked "o";"18510530";1
Distribution of linked "o";"19210107";1
Distribution of linked "o";"18380414";1
Distribution of linked "o";"18850321";1
Distribution of linked "o";"-01660101";1
Distribution of linked "o";"18080605";1
Distribution of linked "o";"18701011";1
Distribution of linked "o";"19820118";1
Distribution of linked "o";"18581125";1
Distribution of linked "o";"19580910";1
Distribution of linked "o";"19660808";1
Distribution of linked "o";"14840101";1
Distribution of linked "o";"19150407";1
Distribution of linked "o";"19800407";1
Distribution of linked "o";"18341015";1
Distribution of linked "o";"19090421";1
Distribution of linked "o";"19100705";1
Distribution of linked "o";"Q2172856";1
Distribution of linked "o";"19070515";1
Distribution of linked "o";"20000707";1
Distribution of linked "o";"18541224";1
Distribution of linked "o";"19200408";1
Distribution of linked "o";"18950221";1
Distribution of linked "o";"19440502";1
Distribution of linked "o";"19030419";1
Distribution of linked "o";"17770130";1
Distribution of linked "o";"18631019";1
Distribution of linked "o";"18681207";1
Distribution of linked "o";"19530128";1
Distribution of linked "o";"16890706";1
Distribution of linked "o";"17630604";1
Distribution of linked "o";"18870220";1
Distribution of linked "o";"19800514";1
Distribution of linked "o";"19790121";1
Distribution of linked "o";"19600920";1
Distribution of linked "o";"17740714";1
Distribution of linked "o";"17740700";1
Distribution of linked "o";"18250811";1
Distribution of linked "o";"18520418";1
Distribution of linked "o";"19211223";1
Distribution of linked "o";"19070808";1
Distribution of linked "o";"19871018";1
Distribution of linked "o";"19250125";1
Distribution of linked "o";"19841116";1
Distribution of linked "o";"19881208";1
Distribution of linked "o";"18570822";1
Distribution of linked "o";"19440213";1
Distribution of linked "o";"18990402";1
Distribution of linked "o";"19610323";1
Distribution of linked "o";"19800730";1
Distribution of linked "o";"18950905";1
Distribution of linked "o";"18381006";1
Distribution of linked "o";"19981012";1
Distribution of linked "o";"19480807";1
Distribution of linked "o";"18480828";1
Distribution of linked "o";"19280710";1
Distribution of linked "o";"18770303";1
Distribution of linked "o";"19301025";1
Distribution of linked "o";"18630812";1
Distribution of linked "o";"19360401";1
Distribution of linked "o";"18801114";1
Distribution of linked "o";"19490302";1
Distribution of linked "o";"18450518";1
Distribution of linked "o";"19221203";1
Distribution of linked "o";"18710705";1
Distribution of linked "o";"19480606";1
Distribution of linked "o";"18290521";1
Distribution of linked "o";"18700829";1
Distribution of linked "o";"17241017";1
Distribution of linked "o";"17950223";1
Distribution of linked "o";"17621028";1
Distribution of linked "o";"18270620";1
Distribution of linked "o";"19580423";1
Distribution of linked "o";"18290906";1
Distribution of linked "o";"16940112";1
Distribution of linked "o";"17600716";1
Distribution of linked "o";"16490101";1
Distribution of linked "o";"19650901";1
Distribution of linked "o";"19010319";1
Distribution of linked "o";"18630106";1
Distribution of linked "o";"19430930";1
Distribution of linked "o";"18950211";1
Distribution of linked "o";"18001130";1
Distribution of linked "o";"18740620";1
Distribution of linked "o";"19741123";1
Distribution of linked "o";"17650526";1
Distribution of linked "o";"18240216";1
Distribution of linked "o";"18750722";1
Distribution of linked "o";"19580211";1
Distribution of linked "o";"19630122";1
Distribution of linked "o";"18910507";1
Distribution of linked "o";"19471023";1
Distribution of linked "o";"18520524";1
Distribution of linked "o";"19730506";1
Distribution of linked "o";"14560101";1
Distribution of linked "o";"19001110";1
Distribution of linked "o";"19340712";1
Distribution of linked "o";"19490510";1
Distribution of linked "o";"18940713";1
Distribution of linked "o";"18961006";1
Distribution of linked "o";"19790227";1
Distribution of linked "o";"19811130";1
Distribution of linked "o";"19860801";1
Distribution of linked "o";"17301103";1
Distribution of linked "o";"17810623";1
Distribution of linked "o";"19910127";1
Distribution of linked "o";"19781121";1
Distribution of linked "o";"20050523";1
Distribution of linked "o";"18780908";1
Distribution of linked "o";"19381023";1
Distribution of linked "o";"19561209";1
Distribution of linked "o";"19900330";1
Distribution of linked "o";"19610729";1
Distribution of linked "o";"18220829";1
Distribution of linked "o";"18810418";1
Distribution of linked "o";"10550526";1
Distribution of linked "o";"18471007";1
Distribution of linked "o";"19721121";1
Distribution of linked "o";"17360816";1
Distribution of linked "o";"17710428";1
Distribution of linked "o";"10570101";1
Distribution of linked "o";"12770101";1
Distribution of linked "o";"13080101";1
Distribution of linked "o";"16860707";1
Distribution of linked "o";"19740403";1
Distribution of linked "o";"19080320";1
Distribution of linked "o";"19800223";1
Distribution of linked "o";"18651102";1
Distribution of linked "o";"19230108";1
Distribution of linked "o";"20080305";1
Distribution of linked "o";"18500106";1
Distribution of linked "o";"19321218";1
Distribution of linked "o";"18100924";1
Distribution of linked "o";"18760427";1
Distribution of linked "o";"20060101";1
Distribution of linked "o";"18380523";1
Distribution of linked "o";"19070208";1
Distribution of linked "o";"Q23885870";1
Distribution of linked "o";"19900801";1
Distribution of linked "o";"18970622";1
Distribution of linked "o";"19231117";1
Distribution of linked "o";"20091104";1
Distribution of linked "o";"18800606";1
Distribution of linked "o";"19540515";1
Distribution of linked "o";"17840722";1
Distribution of linked "o";"17840000";1
Distribution of linked "o";"18460317";1
Distribution of linked "o";"18930112";1
Distribution of linked "o";"19640731";1
Distribution of linked "o";"16810314";1
Distribution of linked "o";"17670625";1
Distribution of linked "o";"20030126";1
Distribution of linked "o";"18940426";1
Distribution of linked "o";"19870817";1
Distribution of linked "o";"18700104";1
Distribution of linked "o";"19410826";1
Distribution of linked "o";"19681005";1
Distribution of linked "o";"17580925";1
Distribution of linked "o";"18410125";1
Distribution of linked "o";"19230929";1
Distribution of linked "o";"19890426";1
Distribution of linked "o";"15360101";1
Distribution of linked "o";"19050318";1
Distribution of linked "o";"20010424";1
Distribution of linked "o";"18841113";1
Distribution of linked "o";"19301221";1
Distribution of linked "o";"19961229";1
Distribution of linked "o";"19380214";1
Distribution of linked "o";"18760509";1
Distribution of linked "o";"19470103";1
Distribution of linked "o";"18631003";1
Distribution of linked "o";"19391225";1
Distribution of linked "o";"18830204";1
Distribution of linked "o";"18650118";1
Distribution of linked "o";"19450415";1
Distribution of linked "o";"19430524";1
Distribution of linked "o";"19080731";1
Distribution of linked "o";"20020127";1
Distribution of linked "o";"14901226";1
Distribution of linked "o";"15460407";1
Distribution of linked "o";"16010706";1
Distribution of linked "o";"16730918";1
Distribution of linked "o";"15051103";1
Distribution of linked "o";"15771204";1
Distribution of linked "o";"19120202";1
Distribution of linked "o";"18000320";1
Distribution of linked "o";"18750514";1
Distribution of linked "o";"19060717";1
Distribution of linked "o";"19401106";1
Distribution of linked "o";"18730513";1
Distribution of linked "o";"19570404";1
Distribution of linked "o";"17650710";1
Distribution of linked "o";"18381210";1
Distribution of linked "o";"19570508";1
Distribution of linked "o";"20060306";1
Distribution of linked "o";"19030224";1
Distribution of linked "o";"16620707";1
Distribution of linked "o";"19011119";1
Distribution of linked "o";"19870410";1
Distribution of linked "o";"18580119";1
Distribution of linked "o";"18520520";1
Distribution of linked "o";"19271113";1
Distribution of linked "o";"16790926";1
Distribution of linked "o";"17670407";1
Distribution of linked "o";"19070519";1
Distribution of linked "o";"19850528";1
Distribution of linked "o";"19030308";1
Distribution of linked "o";"14171108";1
Distribution of linked "o";"14800510";1
Distribution of linked "o";"19611010";1
Distribution of linked "o";"17870124";1
Distribution of linked "o";"18460704";1
Distribution of linked "o";"17450705";1
Distribution of linked "o";"18240815";1
Distribution of linked "o";"17870201";1
Distribution of linked "o";"17870131";1
Distribution of linked "o";"18351116";1
Distribution of linked "o";"19180429";1
Distribution of linked "o";"14510101";1
Distribution of linked "o";"20040408";1
Distribution of linked "o";"12870101";1
Distribution of linked "o";"19320320";1
Distribution of linked "o";"20130427";1
Distribution of linked "o";"19581105";1
Distribution of linked "o";"17540721";1
Distribution of linked "o";"18230114";1
Distribution of linked "o";"19351003";1
Distribution of linked "o";"18350830";1
Distribution of linked "o";"18811006";1
Distribution of linked "o";"18151004";1
Distribution of linked "o";"18620224";1
Distribution of linked "o";"Q97157";1
Distribution of linked "o";"19480608";1
Distribution of linked "o";"19460401";1
Distribution of linked "o";"19570305";1
Distribution of linked "o";"19361119";1
Distribution of linked "o";"20150610";1
Distribution of linked "o";"19481006";1
Distribution of linked "o";"18690918";1
Distribution of linked "o";"18210312";1
Distribution of linked "o";"18820529";1
Distribution of linked "o";"18311031";1
Distribution of linked "o";"19080131";1
Distribution of linked "o";"19340624";1
Distribution of linked "o";"20130904";1
Distribution of linked "o";"17890312";1
Distribution of linked "o";"18050306";1
Distribution of linked "o";"18770801";1
Distribution of linked "o";"19400804";1
Distribution of linked "o";"20091230";1
Distribution of linked "o";"19251231";1
Distribution of linked "o";"19480224";1
Distribution of linked "o";"19040529";1
Distribution of linked "o";"19420801";1
Distribution of linked "o";"18640223";1
Distribution of linked "o";"19250819";1
Distribution of linked "o";"18500220";1
Distribution of linked "o";"19261110";1
Distribution of linked "o";"19600323";1
Distribution of linked "o";"19730923";1
Distribution of linked "o";"18760906";1
Distribution of linked "o";"19861012";1
Distribution of linked "o";"19070802";1
Distribution of linked "o";"19230316";1
Distribution of linked "o";"18830410";1
Distribution of linked "o";"19020902";1
Distribution of linked "o";"19890408";1
Distribution of linked "o";"18960506";1
Distribution of linked "o";"19720313";1
Distribution of linked "o";"13681119";1
Distribution of linked "o";"12920101";1
Distribution of linked "o";"19611226";1
Distribution of linked "o";"19471210";1
Distribution of linked "o";"19790824";1
Distribution of linked "o";"19810426";1
Distribution of linked "o";"20001111";1
Distribution of linked "o";"17800603";1
Distribution of linked "o";"18291205";1
Distribution of linked "o";"18010812";1
Distribution of linked "o";"18760610";1
Distribution of linked "o";"18920227";1
Distribution of linked "o";"19710519";1
Distribution of linked "o";"19170204";1
Distribution of linked "o";"18390711";1
Distribution of linked "o";"19130102";1
Distribution of linked "o";"18280704";1
Distribution of linked "o";"18540731";1
Distribution of linked "o";"19360417";1
Distribution of linked "o";"19000622";1
Distribution of linked "o";"19881126";1
Distribution of linked "o";"17870112";1
Distribution of linked "o";"18600405";1
Distribution of linked "o";"18970624";1
Distribution of linked "o";"18970628";1
Distribution of linked "o";"19801107";1
Distribution of linked "o";"19311116";1
Distribution of linked "o";"17310307";1
Distribution of linked "o";"18151010";1
Distribution of linked "o";"19760730";1
Distribution of linked "o";"18780126";1
Distribution of linked "o";"19620822";1
Distribution of linked "o";"19810405";1
Distribution of linked "o";"17870726";1
Distribution of linked "o";"18371212";1
Distribution of linked "o";"17760214";1
Distribution of linked "o";"18580316";1
Distribution of linked "o";"18580318";1
Distribution of linked "o";"19380129";1
Distribution of linked "o";"18140417";1
Distribution of linked "o";"18090810";1
Distribution of linked "o";"16731013";1
Distribution of linked "o";"16170106";1
Distribution of linked "o";"18891003";1
Distribution of linked "o";"19380504";1
Distribution of linked "o";"18820922";1
Distribution of linked "o";"19430225";1
Distribution of linked "o";"19810420";1
Distribution of linked "o";"19260317";1
Distribution of linked "o";"18980427";1
Distribution of linked "o";"19621001";1
Distribution of linked "o";"18040728";1
Distribution of linked "o";"18720913";1
Distribution of linked "o";"Q23951788";1
Distribution of linked "o";"18540315";1
Distribution of linked "o";"19170331";1
Distribution of linked "o";"19080126";1
Distribution of linked "o";"20091206";1
Distribution of linked "o";"17800601";1
Distribution of linked "o";"18311116";1
Distribution of linked "o";"19100710";1
Distribution of linked "o";"18120625";1
Distribution of linked "o";"18120609";1
Distribution of linked "o";"Q352";1
Distribution of linked "o";"19120206";1
Distribution of linked "o";"19450430";1
Distribution of linked "o";"18890208";1
Distribution of linked "o";"19661126";1
Distribution of linked "o";"18780316";1
Distribution of linked "o";"19460322";1
Distribution of linked "o";"17850806";1
Distribution of linked "o";"18520727";1
Distribution of linked "o";"19450827";1
Distribution of linked "o";"19680222";1
Distribution of linked "o";"16191008";1
Distribution of linked "o";"16891113";1
Distribution of linked "o";"18340117";1
Distribution of linked "o";"19500312";1
Distribution of linked "o";"19500311";1
Distribution of linked "o";"18751204";1
Distribution of linked "o";"19261229";1
Distribution of linked "o";"19140402";1
Distribution of linked "o";"15771218";1
Distribution of linked "o";"19550830";1
Distribution of linked "o";"16061012";1
Distribution of linked "o";"16061015";1
Distribution of linked "o";"16780919";1
Distribution of linked "o";"18101107";1
Distribution of linked "o";"18740712";1
Distribution of linked "o";"19231112";1
Distribution of linked "o";"18820220";1
Distribution of linked "o";"19501009";1
Distribution of linked "o";"18170705";1
Distribution of linked "o";"18950505";1
Distribution of linked "o";"18680730";1
Distribution of linked "o";"19580502";1
Distribution of linked "o";"18431119";1
Distribution of linked "o";"18960818";1
Distribution of linked "o";"18520925";1
Distribution of linked "o";"19331217";1
Distribution of linked "o";"18400222";1
Distribution of linked "o";"18740822";1
Distribution of linked "o";"19280519";1
Distribution of linked "o";"16521110";1
Distribution of linked "o";"16540518";1
Distribution of linked "o";"17050505";1
Distribution of linked "o";"19130410";1
Distribution of linked "o";"18930721";1
Distribution of linked "o";"19740729";1
Distribution of linked "o";"14940420";1
Distribution of linked "o";"15660922";1
Distribution of linked "o";"17900220";1
Distribution of linked "o";"17410313";1
Distribution of linked "o";"18041210";1
Distribution of linked "o";"18510218";1
Distribution of linked "o";"14860914";1
Distribution of linked "o";"15350228";1
Distribution of linked "o";"18181107";1
Distribution of linked "o";"18961226";1
Distribution of linked "o";"17320320";1
Distribution of linked "o";"19381017";1
Distribution of linked "o";"14860106";1
Distribution of linked "o";"15560610";1
Distribution of linked "o";"17850513";1
Distribution of linked "o";"18601205";1
Distribution of linked "o";"19990303";1
Distribution of linked "o";"19041225";1
Distribution of linked "o";"18810727";1
Distribution of linked "o";"19450331";1
Distribution of linked "o";"18730215";1
Distribution of linked "o";"19641106";1
Distribution of linked "o";"18670813";1
Distribution of linked "o";"19491223";1
Distribution of linked "o";"18180927";1
Distribution of linked "o";"18191230";1
Distribution of linked "o";"18980920";1
Distribution of linked "o";"19110920";1
Distribution of linked "o";"18920531";1
Distribution of linked "o";"18680120";1
Distribution of linked "o";"19520119";1
Distribution of linked "o";"19860620";1
Distribution of linked "o";"18910907";1
Distribution of linked "o";"19670413";1
Distribution of linked "o";"19560105";1
Distribution of linked "o";"18811211";1
Distribution of linked "o";"19420501";1
Distribution of linked "o";"19591009";1
Distribution of linked "o";"16820710";1
Distribution of linked "o";"17190223";1
Distribution of linked "o";"16950605";1
Distribution of linked "o";"17731021";1
Distribution of linked "o";"18041024";1
Distribution of linked "o";"18890330";1
Distribution of linked "o";"19330910";1
Distribution of linked "o";"Q2593";1
Distribution of linked "o";"19700825";1
Distribution of linked "o";"17030903";1
Distribution of linked "o";"17630127";1
Distribution of linked "o";"18560626";1
Distribution of linked "o";"18061025";1
Distribution of linked "o";"18800504";1
Distribution of linked "o";"19381224";1
Distribution of linked "o";"18251108";1
Distribution of linked "o";"19081101";1
Distribution of linked "o";"18690430";1
Distribution of linked "o";"19360614";1
Distribution of linked "o";"18110317";1
Distribution of linked "o";"19760425";1
Distribution of linked "o";"19840912";1
Distribution of linked "o";"16420521";1
Distribution of linked "o";"18690109";1
Distribution of linked "o";"19100403";1
Distribution of linked "o";"18280124";1
Distribution of linked "o";"18980625";1
Distribution of linked "o";"19051006";1
Distribution of linked "o";"19290000";1
Distribution of linked "o";"19851017";1
Distribution of linked "o";"19730211";1
Distribution of linked "o";"18301104";1
Distribution of linked "o";"18991220";1
Distribution of linked "o";"18961227";1
Distribution of linked "o";"19770118";1
Distribution of linked "o";"18930327";1
Distribution of linked "o";"19450404";1
Distribution of linked "o";"20150101";1
Distribution of linked "o";"19440515";1
Distribution of linked "o";"19811211";1
Distribution of linked "o";"Q3639959";1
Distribution of linked "o";"11960814";1
Distribution of linked "o";"18370328";1
Distribution of linked "o";"19000610";1
Distribution of linked "o";"17910914";1
Distribution of linked "o";"18671023";1
Distribution of linked "o";"19440518";1
Distribution of linked "o";"20011214";1
Distribution of linked "o";"18511211";1
Distribution of linked "o";"19001125";1
Distribution of linked "o";"19470416";1
Distribution of linked "o";"18950926";1
Distribution of linked "o";"19520306";1
Distribution of linked "o";"19510922";1
Distribution of linked "o";"19781101";1
Distribution of linked "o";"19760525";1
Distribution of linked "o";"Q4935684";1
Distribution of linked "o";"19780521";1
Distribution of linked "o";"18630525";1
Distribution of linked "o";"18020617";1
Distribution of linked "o";"18660426";1
Distribution of linked "o";"18920404";1
Distribution of linked "o";"19790506";1
Distribution of linked "o";"19711216";1
Distribution of linked "o";"18581215";1
Distribution of linked "o";"19260203";1
Distribution of linked "o";"19250528";1
Distribution of linked "o";"20120518";1
Distribution of linked "o";"17200511";1
Distribution of linked "o";"17970222";1
Distribution of linked "o";"18150601";1
Distribution of linked "o";"18670726";1
Distribution of linked "o";"18820904";1
Distribution of linked "o";"19860826";1
Distribution of linked "o";"17780811";1
Distribution of linked "o";"18521015";1
Distribution of linked "o";"18400504";1
Distribution of linked "o";"18990612";1
Distribution of linked "o";"19860724";1
Distribution of linked "o";"19470212";1
Distribution of linked "o";"17970810";1
Distribution of linked "o";"18480218";1
Distribution of linked "o";"19440320";1
Distribution of linked "o";"17960718";1
Distribution of linked "o";"19040217";1
Distribution of linked "o";"19370714";1
Distribution of linked "o";"19710501";1
Distribution of linked "o";"19880118";1
Distribution of linked "o";"19840324";1
Distribution of linked "o";"18580224";1
Distribution of linked "o";"19400704";1
Distribution of linked "o";"10750609";1
Distribution of linked "o";"11371204";1
Distribution of linked "o";"18530618";1
Distribution of linked "o";"18310115";1
Distribution of linked "o";"19041215";1
Distribution of linked "o";"18520412";1
Distribution of linked "o";"19390306";1
Distribution of linked "o";"19060208";1
Distribution of linked "o";"19590526";1
Distribution of linked "o";"19100924";1
Distribution of linked "o";"19900623";1
Distribution of linked "o";"19300507";1
Distribution of linked "o";"19901207";1
Distribution of linked "o";"17891025";1
Distribution of linked "o";"18750411";1
Distribution of linked "o";"18120613";1
Distribution of linked "o";"14630117";1
Distribution of linked "o";"15250505";1
Distribution of linked "o";"16880415";1
Distribution of linked "o";"17581205";1
Distribution of linked "o";"18060612";1
Distribution of linked "o";"18690722";1
Distribution of linked "o";"18290426";1
Distribution of linked "o";"11900801";1
Distribution of linked "o";"12540624";1
Distribution of linked "o";"12960627";1
Distribution of linked "o";"13360725";1
Distribution of linked "o";"14041213";1
Distribution of linked "o";"16970101";1
Distribution of linked "o";"19671213";1
Distribution of linked "o";"18550730";1
Distribution of linked "o";"19191014";1
Distribution of linked "o";"19250209";1
Distribution of linked "o";"20010114";1
Distribution of linked "o";"18321126";1
Distribution of linked "o";"19011002";1
Distribution of linked "o";"19790413";1
Distribution of linked "o";"16050729";1
Distribution of linked "o";"16590415";1
Distribution of linked "o";"16510410";1
Distribution of linked "o";"17081011";1
Distribution of linked "o";"18411125";1
Distribution of linked "o";"19020616";1
Distribution of linked "o";"19840218";1
Distribution of linked "o";"18241121";1
Distribution of linked "o";"19211024";1
Distribution of linked "o";"18130211";1
Distribution of linked "o";"18130212";1
Distribution of linked "o";"18650225";1
Distribution of linked "o";"18650430";1
Distribution of linked "o";"18340716";1
Distribution of linked "o";"18861030";1
Distribution of linked "o";"19790131";1
Distribution of linked "o";"19060321";1
Distribution of linked "o";"19780828";1
Distribution of linked "o";"19821221";1
Distribution of linked "o";"19250612";1
Distribution of linked "o";"18871228";1
Distribution of linked "o";"19410715";1
Distribution of linked "o";"18150921";1
Distribution of linked "o";"18400916";1
Distribution of linked "o";"17770212";1
Distribution of linked "o";"18430123";1
Distribution of linked "o";"17610823";1
Distribution of linked "o";"18330114";1
Distribution of linked "o";"16850630";1
Distribution of linked "o";"17661116";1
Distribution of linked "o";"19051019";1
Distribution of linked "o";"14831026";1
Distribution of linked "o";"19810814";1
Distribution of linked "o";"10120000";1
Distribution of linked "o";"14790313";1
Distribution of linked "o";"15340907";1
Distribution of linked "o";"18860228";1
Distribution of linked "o";"19621130";1
Distribution of linked "o";"17950209";1
Distribution of linked "o";"18960902";1
Distribution of linked "o";"19640225";1
Distribution of linked "o";"Q1278808";1
Distribution of linked "o";"17920619";1
Distribution of linked "o";"18501104";1
Distribution of linked "o";"17730823";1
Distribution of linked "o";"18430810";1
Distribution of linked "o";"19010605";1
Distribution of linked "o";"19840922";1
Distribution of linked "o";"19841102";1
Distribution of linked "o";"17231218";1
Distribution of linked "o";"17981111";1
Distribution of linked "o";"17981110";1
Distribution of linked "o";"18881223";1
Distribution of linked "o";"19531005";1
Distribution of linked "o";"19821118";1
Distribution of linked "o";"17100721";1
Distribution of linked "o";"17921028";1
Distribution of linked "o";"18760423";1
Distribution of linked "o";"19250530";1
Distribution of linked "o";"18550707";1
Distribution of linked "o";"19200724";1
Distribution of linked "o";"12870907";1
Distribution of linked "o";"12250101";1
Distribution of linked "o";"18811021";1
Distribution of linked "o";"19590620";1
Distribution of linked "o";"17370103";1
Distribution of linked "o";"18231101";1
Distribution of linked "o";"17980217";1
Distribution of linked "o";"18540301";1
Distribution of linked "o";"18950503";1
Distribution of linked "o";"19630909";1
Distribution of linked "o";"18670601";1
Distribution of linked "o";"18070629";1
Distribution of linked "o";"16700225";1
Distribution of linked "o";"17201229";1
Distribution of linked "o";"19891223";1
Distribution of linked "o";"18980416";1
Distribution of linked "o";"18511225";1
Distribution of linked "o";"19140501";1
Distribution of linked "o";"13660101";1
Distribution of linked "o";"18770308";1
Distribution of linked "o";"15641015";1
Distribution of linked "o";"16130730";1
Distribution of linked "o";"16870624";1
Distribution of linked "o";"17521102";1
Distribution of linked "o";"19480601";1
Distribution of linked "o";"19810427";1
Distribution of linked "o";"Q6688982";1
Distribution of linked "o";"20001206";1
Distribution of linked "o";"18680512";1
Distribution of linked "o";"19490812";1
Distribution of linked "o";"19000728";1
Distribution of linked "o";"19751128";1
Distribution of linked "o";"19490109";1
Distribution of linked "o";"19101106";1
Distribution of linked "o";"19830719";1
Distribution of linked "o";"19120130";1
Distribution of linked "o";"19991227";1
Distribution of linked "o";"18120512";1
Distribution of linked "o";"18810720";1
Distribution of linked "o";"18040804";1
Distribution of linked "o";"18551231";1
Distribution of linked "o";"18140729";1
Distribution of linked "o";"18880725";1
Distribution of linked "o";"15890208";1
Distribution of linked "o";"16480517";1
Distribution of linked "o";"19051217";1
Distribution of linked "o";"17721128";1
Distribution of linked "o";"19840411";1
Distribution of linked "o";"18210622";1
Distribution of linked "o";"18240716";1
Distribution of linked "o";"18260106";1
Distribution of linked "o";"18020322";1
Distribution of linked "o";"18220322";1
Distribution of linked "o";"18780416";1
Distribution of linked "o";"18190422";1
Distribution of linked "o";"18920418";1
Distribution of linked "o";"18920419";1
Distribution of linked "o";"17710321";1
Distribution of linked "o";"18340502";1
Distribution of linked "o";"18820113";1
Distribution of linked "o";"19491109";1
Distribution of linked "o";"19881122";1
Distribution of linked "o";"Q76924";1
Distribution of linked "o";"19761124";1
Distribution of linked "o";"18970529";1
Distribution of linked "o";"19710327";1
Distribution of linked "o";"19680110";1
Distribution of linked "o";"18960211";1
Distribution of linked "o";"17460315";1
Distribution of linked "o";"15410000";1
Distribution of linked "o";"16220310";1
Distribution of linked "o";"19580521";1
Distribution of linked "o";"20130306";1
Distribution of linked "o";"19130526";1
Distribution of linked "o";"19500419";1
Distribution of linked "o";"18960305";1
Distribution of linked "o";"19831125";1
Distribution of linked "o";"19250915";1
Distribution of linked "o";"19890220";1
Distribution of linked "o";"19311203";1
Distribution of linked "o";"20111114";1
Distribution of linked "o";"18610118";1
Distribution of linked "o";"19230521";1
Distribution of linked "o";"19310129";1
Distribution of linked "o";"19930701";1
Distribution of linked "o";"18891205";1
Distribution of linked "o";"18941205";1
Distribution of linked "o";"19580818";1
Distribution of linked "o";"19760404";1
Distribution of linked "o";"19660318";1
Distribution of linked "o";"Q88669";1
Distribution of linked "o";"19660913";1
Distribution of linked "o";"19140202";1
Distribution of linked "o";"19410703";1
Distribution of linked "o";"18740724";1
Distribution of linked "o";"19411228";1
Distribution of linked "o";"18850515";1
Distribution of linked "o";"19430821";1
Distribution of linked "o";"19680719";1
Distribution of linked "o";"19900414";1
Distribution of linked "o";"20120612";1
Distribution of linked "o";"18701017";1
Distribution of linked "o";"19580104";1
Distribution of linked "o";"15111108";1
Distribution of linked "o";"15691210";1
Distribution of linked "o";"02310101";1
Distribution of linked "o";"18590510";1
Distribution of linked "o";"19061123";1
Distribution of linked "o";"18210725";1
Distribution of linked "o";"18620127";1
Distribution of linked "o";"19740825";1
Distribution of linked "o";"20040611";1
Distribution of linked "o";"13720321";1
Distribution of linked "o";"19980702";1
Distribution of linked "o";"18531221";1
Distribution of linked "o";"12881119";1
Distribution of linked "o";"15840915";1
Distribution of linked "o";"16530213";1
Distribution of linked "o";"17510424";1
Distribution of linked "o";"19400423";1
Distribution of linked "o";"20041217";1
Distribution of linked "o";"19270211";1
Distribution of linked "o";"20080412";1
Distribution of linked "o";"19580210";1
Distribution of linked "o";"19041214";1
Distribution of linked "o";"18410213";1
Distribution of linked "o";"19240622";1
Distribution of linked "o";"19070416";1
Distribution of linked "o";"19940228";1
Distribution of linked "o";"18360321";1
Distribution of linked "o";"19020218";1
Distribution of linked "o";"18821016";1
Distribution of linked "o";"19650206";1
Distribution of linked "o";"18881213";1
Distribution of linked "o";"19761030";1
Distribution of linked "o";"17551108";1
Distribution of linked "o";"18161117";1
Distribution of linked "o";"19230807";1
Distribution of linked "o";"19441101";1
Distribution of linked "o";"19771112";1
Distribution of linked "o";"19030523";1
Distribution of linked "o";"18271227";1
Distribution of linked "o";"19000208";1
Distribution of linked "o";"18620829";1
Distribution of linked "o";"19150426";1
Distribution of linked "o";"18911104";1
Distribution of linked "o";"19740907";1
Distribution of linked "o";"19740714";1
Distribution of linked "o";"18580330";1
Distribution of linked "o";"19440523";1
Distribution of linked "o";"18550602";1
Distribution of linked "o";"19391126";1
Distribution of linked "o";"19010420";1
Distribution of linked "o";"19861103";1
Distribution of linked "o";"19641219";1
Distribution of linked "o";"18180409";1
Distribution of linked "o";"18170000";1
Distribution of linked "o";"18550000";1
Distribution of linked "o";"15010224";1
Distribution of linked "o";"15540619";1
Distribution of linked "o";"18960429";1
Distribution of linked "o";"19811006";1
Distribution of linked "o";"19211210";1
Distribution of linked "o";"19961221";1
Distribution of linked "o";"Q66548";1
Distribution of linked "o";"19750922";1
Distribution of linked "o";"18960131";1
Distribution of linked "o";"18220217";1
Distribution of linked "o";"18560730";1
Distribution of linked "o";"19350905";1
Distribution of linked "o";"19581109";1
Distribution of linked "o";"18810918";1
Distribution of linked "o";"18950412";1
Distribution of linked "o";"19890518";1
Distribution of linked "o";"19010227";1
Distribution of linked "o";"19450322";1
Distribution of linked "o";"19271231";1
Distribution of linked "o";"20080206";1
Distribution of linked "o";"19870616";1
Distribution of linked "o";"19000904";1
Distribution of linked "o";"20090802";1
Distribution of linked "o";"18911011";1
Distribution of linked "o";"19750520";1
Distribution of linked "o";"19071112";1
Distribution of linked "o";"19010823";1
Distribution of linked "o";"19810401";1
Distribution of linked "o";"19300208";1
Distribution of linked "o";"18910110";1
Distribution of linked "o";"19841220";1
Distribution of linked "o";"18991225";1
Distribution of linked "o";"18670610";1
Distribution of linked "o";"19350605";1
Distribution of linked "o";"18370429";1
Distribution of linked "o";"19070503";1
Distribution of linked "o";"19600717";1
Distribution of linked "o";"17240506";1
Distribution of linked "o";"17340506";1
Distribution of linked "o";"18041102";1
Distribution of linked "o";"19510827";1
Distribution of linked "o";"19670824";1
Distribution of linked "o";"18850901";1
Distribution of linked "o";"18971219";1
Distribution of linked "o";"19781205";1
Distribution of linked "o";"18321119";1
Distribution of linked "o";"18880522";1
Distribution of linked "o";"15570530";1
Distribution of linked "o";"18300703";1
Distribution of linked "o";"19100606";1
Distribution of linked "o";"18110530";1
Distribution of linked "o";"18880306";1
Distribution of linked "o";"18630518";1
Distribution of linked "o";"19460718";1
Distribution of linked "o";"19740427";1
Distribution of linked "o";"18610809";1
Distribution of linked "o";"18951003";1
Distribution of linked "o";"19650725";1
Distribution of linked "o";"19180219";1
Distribution of linked "o";"20150306";1
Distribution of linked "o";"19640830";1
Distribution of linked "o";"19520420";1
Distribution of linked "o";"19770701";1
Distribution of linked "o";"19511107";1
Distribution of linked "o";"19710804";1
Distribution of linked "o";"18950502";1
Distribution of linked "o";"19421017";1
Distribution of linked "o";"19160802";1
Distribution of linked "o";"19930625";1
Distribution of linked "o";"16081110";1
Distribution of linked "o";"16811102";1
Distribution of linked "o";"19311206";1
Distribution of linked "o";"18730820";1
Distribution of linked "o";"19550220";1
Distribution of linked "o";"17960331";1
Distribution of linked "o";"19421130";1
Distribution of linked "o";"17970809";1
Distribution of linked "o";"15160730";1
Distribution of linked "o";"19660618";1
Distribution of linked "o";"18200918";1
Distribution of linked "o";"18811114";1
Distribution of linked "o";"18810923";1
Distribution of linked "o";"19440729";1
Distribution of linked "o";"18940201";1
Distribution of linked "o";"19690513";1
Distribution of linked "o";"19340703";1
Distribution of linked "o";"19490219";1
Distribution of linked "o";"20130311";1
Distribution of linked "o";"18480815";1
Distribution of linked "o";"19261219";1
Distribution of linked "o";"18140906";1
Distribution of linked "o";"18830831";1
Distribution of linked "o";"19740706";1
Distribution of linked "o";"19630222";1
Distribution of linked "o";"18490922";1
Distribution of linked "o";"19230703";1
Distribution of linked "o";"17910131";1
Distribution of linked "o";"18700622";1
Distribution of linked "o";"18770311";1
Distribution of linked "o";"19520706";1
Distribution of linked "o";"18600131";1
Distribution of linked "o";"19270625";1
Distribution of linked "o";"12150101";1
Distribution of linked "o";"12710110";1
Distribution of linked "o";"19230602";1
Distribution of linked "o";"19940424";1
Distribution of linked "o";"19481230";1
Distribution of linked "o";"18211111";1
Distribution of linked "o";"18740819";1
Distribution of linked "o";"19620702";1
Distribution of linked "o";"18981003";1
Distribution of linked "o";"19441020";1
Distribution of linked "o";"19041001";1
Distribution of linked "o";"19541029";1
Distribution of linked "o";"16250307";1
Distribution of linked "o";"15350624";1
Distribution of linked "o";"15920411";1
Distribution of linked "o";"18900301";1
Distribution of linked "o";"Q20665494";1
Distribution of linked "o";"17360607";1
Distribution of linked "o";"17930413";1
Distribution of linked "o";"17890522";1
Distribution of linked "o";"18650710";1
Distribution of linked "o";"15141129";1
Distribution of linked "o";"15810929";1
Distribution of linked "o";"19360811";1
Distribution of linked "o";"19681225";1
Distribution of linked "o";"18830713";1
Distribution of linked "o";"19131108";1
Distribution of linked "o";"20030328";1
Distribution of linked "o";"19031004";1
Distribution of linked "o";"18850209";1
Distribution of linked "o";"19351224";1
Distribution of linked "o";"18830208";1
Distribution of linked "o";"19500108";1
Distribution of linked "o";"18690903";1
Distribution of linked "o";"19301213";1
Distribution of linked "o";"Q86115";1
Distribution of linked "o";"19321104";1
Distribution of linked "o";"20040706";1
Distribution of linked "o";"19050905";1
Distribution of linked "o";"Q172976";1
Distribution of linked "o";"Q992504";1
Distribution of linked "o";"Q7388751";1
Distribution of linked "o";"19600704";1
Distribution of linked "o";"19940430";1
Distribution of linked "o";"19031107";1
Distribution of linked "o";"19890227";1
Distribution of linked "o";"19090330";1
Distribution of linked "o";"20011103";1
Distribution of linked "o";"Q95823";1
Distribution of linked "o";"19040626";1
Distribution of linked "o";"19640323";1
Distribution of linked "o";"19230309";1
Distribution of linked "o";"20160419";1
Distribution of linked "o";"18680119";1
Distribution of linked "o";"19321204";1
Distribution of linked "o";"18900910";1
Distribution of linked "o";"19450826";1
Distribution of linked "o";"18750202";1
Distribution of linked "o";"19620129";1
Distribution of linked "o";"18521111";1
Distribution of linked "o";"19250825";1
Distribution of linked "o";"18941116";1
Distribution of linked "o";"19720727";1
Distribution of linked "o";"19220516";1
Distribution of linked "o";"20100108";1
Distribution of linked "o";"18600905";1
Distribution of linked "o";"18600925";1
Distribution of linked "o";"19330407";1
Distribution of linked "o";"18540630";1
Distribution of linked "o";"19240922";1
Distribution of linked "o";"18720926";1
Distribution of linked "o";"18940825";1
Distribution of linked "o";"19660611";1
Distribution of linked "o";"18690617";1
Distribution of linked "o";"19781011";1
Distribution of linked "o";"19750806";1
Distribution of linked "o";"19750428";1
Distribution of linked "o";"19560525";1
Distribution of linked "o";"18871216";1
Distribution of linked "o";"19540124";1
Distribution of linked "o";"19540104";1
Distribution of linked "o";"19860601";1
Distribution of linked "o";"18341111";1
Distribution of linked "o";"18371111";1
Distribution of linked "o";"19191210";1
Distribution of linked "o";"18730818";1
Distribution of linked "o";"18000722";1
Distribution of linked "o";"18640824";1
Distribution of linked "o";"18570616";1
Distribution of linked "o";"19350601";1
Distribution of linked "o";"16800213";1
Distribution of linked "o";"16801213";1
Distribution of linked "o";"17410826";1
Distribution of linked "o";"18530717";1
Distribution of linked "o";"19201127";1
Distribution of linked "o";"20130421";1
Distribution of linked "o";"19120204";1
Distribution of linked "o";"19930911";1
Distribution of linked "o";"18470215";1
Distribution of linked "o";"19270219";1
Distribution of linked "o";"18680318";1
Distribution of linked "o";"19400625";1
Distribution of linked "o";"19190716";1
Distribution of linked "o";"19990419";1
Distribution of linked "o";"18230212";1
Distribution of linked "o";"19021202";1
Distribution of linked "o";"19270514";1
Distribution of linked "o";"18720918";1
Distribution of linked "o";"19190828";1
Distribution of linked "o";"18681202";1
Distribution of linked "o";"19350704";1
Distribution of linked "o";"19130503";1
Distribution of linked "o";"19811008";1
Distribution of linked "o";"20091205";1
Distribution of linked "o";"19571202";1
Distribution of linked "o";"18520704";1
Distribution of linked "o";"19240104";1
Distribution of linked "o";"19240105";1
Distribution of linked "o";"19440201";1
Distribution of linked "o";"19620411";1
Distribution of linked "o";"Q78887";1
Distribution of linked "o";"19560315";1
Distribution of linked "o";"18990706";1
Distribution of linked "o";"19610427";1
Distribution of linked "o";"19450113";1
Distribution of linked "o";"19520916";1
Distribution of linked "o";"17630618";1
Distribution of linked "o";"18240515";1
Distribution of linked "o";"18320329";1
Distribution of linked "o";"18101207";1
Distribution of linked "o";"18940717";1
Distribution of linked "o";"19140513";1
Distribution of linked "o";"19980423";1
Distribution of linked "o";"17240507";1
Distribution of linked "o";"17970822";1
Distribution of linked "o";"19050526";1
Distribution of linked "o";"19990625";1
Distribution of linked "o";"17331014";1
Distribution of linked "o";"17980721";1
Distribution of linked "o";"18910329";1
Distribution of linked "o";"19051212";1
Distribution of linked "o";"18760719";1
Distribution of linked "o";"19320802";1
Distribution of linked "o";"19750910";1
Distribution of linked "o";"18910723";1
Distribution of linked "o";"19430121";1
Distribution of linked "o";"19740911";1
Distribution of linked "o";"19030410";1
Distribution of linked "o";"19730405";1
Distribution of linked "o";"19280910";1
Distribution of linked "o";"19061016";1
Distribution of linked "o";"19981230";1
Distribution of linked "o";"18540906";1
Distribution of linked "o";"19430120";1
Distribution of linked "o";"18620605";1
Distribution of linked "o";"18311112";1
Distribution of linked "o";"18980621";1
Distribution of linked "o";"20100629";1
Distribution of linked "o";"19240102";1
Distribution of linked "o";"19970425";1
Distribution of linked "o";"17370113";1
Distribution of linked "o";"17980516";1
Distribution of linked "o";"19440701";1
Distribution of linked "o";"18740719";1
Distribution of linked "o";"19540422";1
Distribution of linked "o";"19210302";1
Distribution of linked "o";"19540621";1
Distribution of linked "o";"18540918";1
Distribution of linked "o";"19410108";1
Distribution of linked "o";"18750204";1
Distribution of linked "o";"19160712";1
Distribution of linked "o";"17570817";1
Distribution of linked "o";"18210821";1
Distribution of linked "o";"17360524";1
Distribution of linked "o";"17360331";1
Distribution of linked "o";"18180528";1
Distribution of linked "o";"17221119";1
Distribution of linked "o";"18090517";1
Distribution of linked "o";"18090518";1
Distribution of linked "o";"17800615";1
Distribution of linked "o";"18481006";1
Distribution of linked "o";"19660614";1
Distribution of linked "o";"19650614";1
Distribution of linked "o";"19210709";1
Distribution of linked "o";"17490410";1
Distribution of linked "o";"18200717";1
Distribution of linked "o";"18990226";1
Distribution of linked "o";"17990420";1
Distribution of linked "o";"17990123";1
Distribution of linked "o";"18581001";1
Distribution of linked "o";"19220713";1
Distribution of linked "o";"19310904";1
Distribution of linked "o";"19540911";1
Distribution of linked "o";"17530713";1
Distribution of linked "o";"18490610";1
Distribution of linked "o";"18520530";1
Distribution of linked "o";"19090520";1
Distribution of linked "o";"18970730";1
Distribution of linked "o";"18120418";1
Distribution of linked "o";"18870307";1
Distribution of linked "o";"19040817";1
Distribution of linked "o";"19910527";1
Distribution of linked "o";"20050520";1
Distribution of linked "o";"19150412";1
Distribution of linked "o";"18020113";1
Distribution of linked "o";"19030407";1
Distribution of linked "o";"17780131";1
Distribution of linked "o";"18610404";1
Distribution of linked "o";"18711013";1
Distribution of linked "o";"19500504";1
Distribution of linked "o";"19090901";1
Distribution of linked "o";"18380221";1
Distribution of linked "o";"19211221";1
Distribution of linked "o";"18561030";1
Distribution of linked "o";"19270325";1
Distribution of linked "o";"Q62353";1
Distribution of linked "o";"19080708";1
Distribution of linked "o";"19080709";1
Distribution of linked "o";"19861009";1
Distribution of linked "o";"18400321";1
Distribution of linked "o";"19621211";1
Distribution of linked "o";"18380120";1
Distribution of linked "o";"19161009";1
Distribution of linked "o";"18510614";1
Distribution of linked "o";"19301121";1
Distribution of linked "o";"19390712";1
Distribution of linked "o";"Q694747";1
Distribution of linked "o";"19290709";1
Distribution of linked "o";"19920329";1
Distribution of linked "o";"18330930";1
Distribution of linked "o";"19060724";1
Distribution of linked "o";"18641002";1
Distribution of linked "o";"18560825";1
Distribution of linked "o";"19310623";1
Distribution of linked "o";"17660207";1
Distribution of linked "o";"18391209";1
Distribution of linked "o";"18391204";1
Distribution of linked "o";"18741012";1
Distribution of linked "o";"19480302";1
Distribution of linked "o";"17260815";1
Distribution of linked "o";"18000807";1
Distribution of linked "o";"19191013";1
Distribution of linked "o";"20030324";1
Distribution of linked "o";"19000225";1
Distribution of linked "o";"17970517";1
Distribution of linked "o";"17940517";1
Distribution of linked "o";"18651028";1
Distribution of linked "o";"19320901";1
Distribution of linked "o";"19020907";1
Distribution of linked "o";"19880417";1
Distribution of linked "o";"19940516";1
Distribution of linked "o";"Q1074980";1
Distribution of linked "o";"19771114";1
Distribution of linked "o";"19060416";1
Distribution of linked "o";"19870606";1
Distribution of linked "o";"18270221";1
Distribution of linked "o";"18640625";1
Distribution of linked "o";"18991012";1
Distribution of linked "o";"17710815";1
Distribution of linked "o";"18320921";1
Distribution of linked "o";"18630527";1
Distribution of linked "o";"18510221";1
Distribution of linked "o";"18540521";1
Distribution of linked "o";"19180518";1
Distribution of linked "o";"19361117";1
Distribution of linked "o";"18480413";1
Distribution of linked "o";"19250302";1
Distribution of linked "o";"18790126";1
Distribution of linked "o";"18510102";1
Distribution of linked "o";"19240206";1
Distribution of linked "o";"18881218";1
Distribution of linked "o";"19940613";1
Distribution of linked "o";"19521202";1
Distribution of linked "o";"19720731";1
Distribution of linked "o";"19540701";1
Distribution of linked "o";"19620317";1
Distribution of linked "o";"17911130";1
Distribution of linked "o";"18480928";1
Distribution of linked "o";"18910115";1
Distribution of linked "o";"19560404";1
Distribution of linked "o";"19710801";1
Distribution of linked "o";"18371207";1
Distribution of linked "o";"19220127";1
Distribution of linked "o";"18820321";1
Distribution of linked "o";"19690131";1
Distribution of linked "o";"18581221";1
Distribution of linked "o";"17671119";1
Distribution of linked "o";"18890202";1
Distribution of linked "o";"19440628";1
Distribution of linked "o";"18891012";1
Distribution of linked "o";"19500114";1
Distribution of linked "o";"18610426";1
Distribution of linked "o";"19210512";1
Distribution of linked "o";"19490228";1
Distribution of linked "o";"18870205";1
Distribution of linked "o";"19710714";1
Distribution of linked "o";"Q3808920";1
Distribution of linked "o";"19231216";1
Distribution of linked "o";"19420724";1
Distribution of linked "o";"19390914";1
Distribution of linked "o";"18590226";1
Distribution of linked "o";"18781001";1
Distribution of linked "o";"19500708";1
Distribution of linked "o";"17930303";1
Distribution of linked "o";"18640526";1
Distribution of linked "o";"18661105";1
Distribution of linked "o";"19420726";1
Distribution of linked "o";"18140919";1
Distribution of linked "o";"14860212";1
Distribution of linked "o";"14160101";1
Distribution of linked "o";"18110407";1
Distribution of linked "o";"18881217";1
Distribution of linked "o";"18310202";1
Distribution of linked "o";"18810524";1
Distribution of linked "o";"Q12956447";1
Distribution of linked "o";"19780817";1
Distribution of linked "o";"19540903";1
Distribution of linked "o";"19791126";1
Distribution of linked "o";"19870211";1
Distribution of linked "o";"16081209";1
Distribution of linked "o";"16741108";1
Distribution of linked "o";"17981224";1
Distribution of linked "o";"18551126";1
Distribution of linked "o";"Q22815427";1
Distribution of linked "o";"Q622432";1
Distribution of linked "o";"19630126";1
Distribution of linked "o";"Q3072659";1
Distribution of linked "o";"18990117";1
Distribution of linked "o";"19060925";1
Distribution of linked "o";"19750809";1
Distribution of linked "o";"18331025";1
Distribution of linked "o";"18331201";1
Distribution of linked "o";"17890826";1
Distribution of linked "o";"19651108";1
Distribution of linked "o";"19920522";1
Distribution of linked "o";"15200101";1
Distribution of linked "o";"19080531";1
Distribution of linked "o";"19970921";1
Distribution of linked "o";"Q508447";1
Distribution of linked "o";"15901118";1
Distribution of linked "o";"19580530";1
Distribution of linked "o";"19670719";1
Distribution of linked "o";"19730314";1
Distribution of linked "o";"19180126";1
Distribution of linked "o";"19891225";1
Distribution of linked "o";"02300101";1
Distribution of linked "o";"19730924";1
Distribution of linked "o";"Q4616";1
Distribution of linked "o";"19151017";1
Distribution of linked "o";"20050210";1
Distribution of linked "o";"-05280101";1
Distribution of linked "o";"-05860101";1
Distribution of linked "o";"18430615";1
Distribution of linked "o";"19070904";1
Distribution of linked "o";"19911104";1
Distribution of linked "o";"18300309";1
Distribution of linked "o";"19860509";1
Distribution of linked "o";"19140515";1
Distribution of linked "o";"Q3269201";1
Distribution of linked "o";"19231004";1
Distribution of linked "o";"18390125";1
Distribution of linked "o";"Q770740";1
Distribution of linked "o";"19920421";1
Distribution of linked "o";"Q559339";1
Distribution of linked "o";"Q60127";1
Distribution of linked "o";"15090528";1
Distribution of linked "o";"18471217";1
Distribution of linked "o";"19230328";1
Distribution of linked "o";"19630314";1
Distribution of linked "o";"19620611";1
Distribution of linked "o";"05480101";1
Distribution of linked "o";"20020607";1
Distribution of linked "o";"19520525";1
Distribution of linked "o";"20021024";1
Distribution of linked "o";"19020728";1
Distribution of linked "o";"19591001";1
Distribution of linked "o";"19930107";1
Distribution of linked "o";"20030925";1
Distribution of linked "o";"Q26424";1
Distribution of linked "o";"Q435696";1
Distribution of linked "o";"Q13407390";1
Distribution of linked "o";"19420713";1
Distribution of linked "o";"19460119";1
Distribution of linked "o";"18190531";1
Distribution of linked "o";"18920326";1
Distribution of linked "o";"Q3827725";1
Distribution of linked "o";"18940726";1
Distribution of linked "o";"Q81131";1
Distribution of linked "o";"18110213";1
Distribution of linked "o";"18880923";1
Distribution of linked "o";"Q455177";1
Distribution of linked "o";"19530516";1
Distribution of linked "o";"19610423";1
Distribution of linked "o";"20121001";1
Distribution of linked "o";"19871122";1
Distribution of linked "o";"19810220";1
Distribution of linked "o";"19880110";1
Distribution of linked "o";"11360101";1
Distribution of linked "o";"00420101";1
Distribution of linked "o";"01240101";1
Distribution of linked "o";"19590417";1
Distribution of linked "o";"19040915";1
Distribution of linked "o";"19920116";1
Distribution of linked "o";"Q193504";1
Distribution of linked "o";"19640930";1
Distribution of linked "o";"19640704";1
Distribution of linked "o";"18990427";1
Distribution of linked "o";"19740507";1
Distribution of linked "o";"18580214";1
Distribution of linked "o";"19360710";1
Distribution of linked "o";"18740102";1
Distribution of linked "o";"18800312";1
Distribution of linked "o";"19580827";1
Distribution of linked "o";"00680101";1
Distribution of linked "o";"19650626";1
Distribution of linked "o";"19401014";1
Distribution of linked "o";"19410505";1
Distribution of linked "o";"Q2889104";1
Distribution of linked "o";"19750219";1
Distribution of linked "o";"19280224";1
Distribution of linked "o";"19070724";1
Distribution of linked "o";"19830923";1
Distribution of linked "o";"19901024";1
Distribution of linked "o";"19500818";1
Distribution of linked "o";"18641124";1
Distribution of linked "o";"19601205";1
Distribution of linked "o";"17561215";1
Distribution of linked "o";"18180804";1
Distribution of linked "o";"18010907";1
Distribution of linked "o";"18780903";1
Distribution of linked "o";"18040102";1
Distribution of linked "o";"18490528";1
Distribution of linked "o";"04360101";1
Distribution of linked "o";"19800201";1
Distribution of linked "o";"19801010";1
Distribution of linked "o";"18741121";1
Distribution of linked "o";"19611227";1
Distribution of linked "o";"19381229";1
Distribution of linked "o";"18770220";1
Distribution of linked "o";"16310415";1
Distribution of linked "o";"17030711";1
Distribution of linked "o";"Q22939728";1
Distribution of linked "o";"19760827";1
Distribution of linked "o";"Q461079";1
Distribution of linked "o";"19770128";1
Distribution of linked "o";"18440205";1
Distribution of linked "o";"18230328";1
Distribution of linked "o";"18840227";1
Distribution of linked "o";"19430302";1
Distribution of linked "o";"19420619";1
Distribution of linked "o";"00790825";1
Distribution of linked "o";"00791025";1
Distribution of linked "o";"00790000";1
Distribution of linked "o";"19691231";1
Distribution of linked "o";"19900425";1
Distribution of linked "o";"11700000";1
Distribution of linked "o";"12410000";1
Distribution of linked "o";"Q2628666";1
Distribution of linked "o";"Q273511";1
Distribution of linked "o";"18980203";1
Distribution of linked "o";"19760511";1
Distribution of linked "o";"19831015";1
Distribution of linked "o";"18231128";1
Distribution of linked "o";"Q201567";1
Distribution of linked "o";"19850819";1
Distribution of linked "o";"19060420";1
Distribution of linked "o";"19430614";1
Distribution of linked "o";"19400219";1
Distribution of linked "o";"20061221";1
Distribution of linked "o";"19670810";1
Distribution of linked "o";"19240803";1
Distribution of linked "o";"19300831";1
Distribution of linked "o";"19941206";1
Distribution of linked "o";"19370902";1
Distribution of linked "o";"19811203";1
Distribution of linked "o";"19870109";1
Distribution of linked "o";"19840815";1
Distribution of linked "o";"-04280101";1
Distribution of linked "o";"19670616";1
Distribution of linked "o";"18660812";1
Distribution of linked "o";"19540714";1
Distribution of linked "o";"01540101";1
Distribution of linked "o";"18990603";1
Distribution of linked "o";"18251025";1
Distribution of linked "o";"19890128";1
Distribution of linked "o";"18810325";1
Distribution of linked "o";"Q1902714";1
Distribution of linked "o";"20140811";1
Distribution of linked "o";"19510721";1
Distribution of linked "o";"19310208";1
Distribution of linked "o";"18841011";1
Distribution of linked "o";"19621107";1
Distribution of linked "o";"Q13435675";1
Distribution of linked "o";"19040118";1
Distribution of linked "o";"19861129";1
Distribution of linked "o";"19801207";1
Distribution of linked "o";"Q80230";1
Distribution of linked "o";"15560000";1
Distribution of linked "o";"Q22442772";1
Distribution of linked "o";"19420802";1
Distribution of linked "o";"12260702";1
Distribution of linked "o";"15920105";1
Distribution of linked "o";"16660122";1
Distribution of linked "o";"Q292432";1
Distribution of linked "o";"15450522";1
Distribution of linked "o";"19791013";1
Distribution of linked "o";"16890225";1
Distribution of linked "o";"17551025";1
Distribution of linked "o";"18200914";1
Distribution of linked "o";"18950107";1
Distribution of linked "o";"19550203";1
Distribution of linked "o";"20061108";1
Distribution of linked "o";"18760603";1
Distribution of linked "o";"19871109";1
Distribution of linked "o";"19730602";1
Distribution of linked "o";"16421104";1
Distribution of linked "o";"16810317";1
Distribution of linked "o";"19510603";1
Distribution of linked "o";"19930316";1
Distribution of linked "o";"15501206";1
Distribution of linked "o";"16050219";1
Distribution of linked "o";"18811011";1
Distribution of linked "o";"19800926";1
Distribution of linked "o";"18400223";1
Distribution of linked "o";"19210226";1
Distribution of linked "o";"17230603";1
Distribution of linked "o";"17230613";1
Distribution of linked "o";"17880508";1
Distribution of linked "o";"19260904";1
Distribution of linked "o";"18730423";1
Distribution of linked "o";"18730424";1
Distribution of linked "o";"19570104";1
Distribution of linked "o";"19880217";1
Distribution of linked "o";"18701215";1
Distribution of linked "o";"18721015";1
Distribution of linked "o";"19560320";1
Distribution of linked "o";"19840813";1
Distribution of linked "o";"18410713";1
Distribution of linked "o";"19180411";1
Distribution of linked "o";"19180412";1
Distribution of linked "o";"14230608";1
Distribution of linked "o";"14610408";1
Distribution of linked "o";"18440220";1
Distribution of linked "o";"14170525";1
Distribution of linked "o";"14790210";1
Distribution of linked "o";"18920408";1
Distribution of linked "o";"19700416";1
Distribution of linked "o";"19610401";1
Distribution of linked "o";"18990419";1
Distribution of linked "o";"19690119";1
Distribution of linked "o";"18821012";1
Distribution of linked "o";"19690301";1
Distribution of linked "o";"18901001";1
Distribution of linked "o";"19751121";1
Distribution of linked "o";"20070924";1
Distribution of linked "o";"17830120";1
Distribution of linked "o";"17830620";1
Distribution of linked "o";"18600306";1
Distribution of linked "o";"18971221";1
Distribution of linked "o";"19860316";1
Distribution of linked "o";"19250117";1
Distribution of linked "o";"20050307";1
Distribution of linked "o";"18780706";1
Distribution of linked "o";"19500303";1
Distribution of linked "o";"18620216";1
Distribution of linked "o";"19361002";1
Distribution of linked "o";"18900915";1
Distribution of linked "o";"19180303";1
Distribution of linked "o";"20110407";1
Distribution of linked "o";"18960503";1
Distribution of linked "o";"19170627";1
Distribution of linked "o";"17690624";1
Distribution of linked "o";"18200601";1
Distribution of linked "o";"15470124";1
Distribution of linked "o";"15780411";1
Distribution of linked "o";"16050923";1
Distribution of linked "o";"16600909";1
Distribution of linked "o";"18740801";1
Distribution of linked "o";"19390103";1
Distribution of linked "o";"19641113";1
Distribution of linked "o";"16681114";1
Distribution of linked "o";"17451116";1
Distribution of linked "o";"17371214";1
Distribution of linked "o";"19161025";1
Distribution of linked "o";"20030726";1
Distribution of linked "o";"18060727";1
Distribution of linked "o";"18530608";1
Distribution of linked "o";"17770311";1
Distribution of linked "o";"18060315";1
Distribution of linked "o";"20000511";1
Distribution of linked "o";"18910206";1
Distribution of linked "o";"18720104";1
Distribution of linked "o";"18310701";1
Distribution of linked "o";"18870301";1
Distribution of linked "o";"18330720";1
Distribution of linked "o";"18940104";1
Distribution of linked "o";"17960821";1
Distribution of linked "o";"18390904";1
Distribution of linked "o";"16130118";1
Distribution of linked "o";"18460405";1
Distribution of linked "o";"19260205";1
Distribution of linked "o";"19340724";1
Distribution of linked "o";"20000516";1
Distribution of linked "o";"19211026";1
Distribution of linked "o";"16190402";1
Distribution of linked "o";"16800901";1
Distribution of linked "o";"19440322";1
Distribution of linked "o";"18810320";1
Distribution of linked "o";"18790310";1
Distribution of linked "o";"18600218";1
Distribution of linked "o";"19360420";1
Distribution of linked "o";"19030728";1
Distribution of linked "o";"19470719";1
Distribution of linked "o";"19820322";1
Distribution of linked "o";"19651124";1
Distribution of linked "o";"18740923";1
Distribution of linked "o";"19521019";1
Distribution of linked "o";"19730225";1
Distribution of linked "o";"20041215";1
Distribution of linked "o";"18490307";1
Distribution of linked "o";"18501007";1
Distribution of linked "o";"19120820";1
Distribution of linked "o";"19801119";1
Distribution of linked "o";"19320906";1
Distribution of linked "o";"18360716";1
Distribution of linked "o";"19150102";1
Distribution of linked "o";"16711226";1
Distribution of linked "o";"17420208";1
Distribution of linked "o";"19370920";1
Distribution of linked "o";"19370922";1
Distribution of linked "o";"18791225";1
Distribution of linked "o";"19670204";1
Distribution of linked "o";"17641225";1
Distribution of linked "o";"18350802";1
Distribution of linked "o";"17930226";1
Distribution of linked "o";"17831117";1
Distribution of linked "o";"18630224";1
Distribution of linked "o";"19010323";1
Distribution of linked "o";"19890525";1
Distribution of linked "o";"19401113";1
Distribution of linked "o";"17790127";1
Distribution of linked "o";"18490601";1
Distribution of linked "o";"19350128";1
Distribution of linked "o";"19291229";1
Distribution of linked "o";"19240313";1
Distribution of linked "o";"20020930";1
Distribution of linked "o";"18901204";1
Distribution of linked "o";"19850920";1
Distribution of linked "o";"19950913";1
Distribution of linked "o";"19071121";1
Distribution of linked "o";"19980211";1
Distribution of linked "o";"19410307";1
Distribution of linked "o";"19120513";1
Distribution of linked "o";"20020331";1
Distribution of linked "o";"18170627";1
Distribution of linked "o";"18930925";1
Distribution of linked "o";"18820827";1
Distribution of linked "o";"19591204";1
Distribution of linked "o";"17990731";1
Distribution of linked "o";"18621112";1
Distribution of linked "o";"18600929";1
Distribution of linked "o";"18600926";1
Distribution of linked "o";"19400614";1
Distribution of linked "o";"18301012";1
Distribution of linked "o";"19080714";1
Distribution of linked "o";"19060911";1
Distribution of linked "o";"18891231";1
Distribution of linked "o";"19630827";1
Distribution of linked "o";"18921222";1
Distribution of linked "o";"19290827";1
Distribution of linked "o";"18581004";1
Distribution of linked "o";"18350521";1
Distribution of linked "o";"19080804";1
Distribution of linked "o";"19940629";1
Distribution of linked "o";"18330509";1
Distribution of linked "o";"19120109";1
Distribution of linked "o";"20001120";1
Distribution of linked "o";"18350902";1
Distribution of linked "o";"18860523";1
Distribution of linked "o";"18810417";1
Distribution of linked "o";"19320503";1
Distribution of linked "o";"18830920";1
Distribution of linked "o";"19560424";1
Distribution of linked "o";"19500509";1
Distribution of linked "o";"19641120";1
Distribution of linked "o";"19861019";1
Distribution of linked "o";"19080707";1
Distribution of linked "o";"19830905";1
Distribution of linked "o";"16410630";1
Distribution of linked "o";"17190705";1
Distribution of linked "o";"19390830";1
Distribution of linked "o";"16650402";1
Distribution of linked "o";"17331011";1
Distribution of linked "o";"18721203";1
Distribution of linked "o";"19311030";1
Distribution of linked "o";"18940424";1
Distribution of linked "o";"19180106";1
Distribution of linked "o";"18460805";1
Distribution of linked "o";"18911022";1
Distribution of linked "o";"19150815";1
Distribution of linked "o";"20060824";1
Distribution of linked "o";"19390625";1
Distribution of linked "o";"19280512";1
Distribution of linked "o";"19380511";1
Distribution of linked "o";"19281225";1
Distribution of linked "o";"18560428";1
Distribution of linked "o";"18840807";1
Distribution of linked "o";"19530316";1
Distribution of linked "o";"19390621";1
Distribution of linked "o";"19330507";1
Distribution of linked "o";"19931229";1
Distribution of linked "o";"19930105";1
Distribution of linked "o";"18600427";1
Distribution of linked "o";"18870824";1
Distribution of linked "o";"18840308";1
Distribution of linked "o";"19741102";1
Distribution of linked "o";"19150204";1
Distribution of linked "o";"19910426";1
Distribution of linked "o";"19270507";1
Distribution of linked "o";"19270527";1
Distribution of linked "o";"19840616";1
Distribution of linked "o";"18900211";1
Distribution of linked "o";"Q110402";1
Distribution of linked "o";"18870429";1
Distribution of linked "o";"19700922";1
Distribution of linked "o";"19831209";1
Distribution of linked "o";"18580924";1
Distribution of linked "o";"19270812";1
Distribution of linked "o";"18751024";1
Distribution of linked "o";"19430427";1
Distribution of linked "o";"19830117";1
Distribution of linked "o";"Q2514942";1
Distribution of linked "o";"18980224";1
Distribution of linked "o";"19730523";1
Distribution of linked "o";"19110425";1
Distribution of linked "o";"19901028";1
Distribution of linked "o";"18100702";1
Distribution of linked "o";"18860919";1
Distribution of linked "o";"19550908";1
Distribution of linked "o";"19341205";1
Distribution of linked "o";"18960214";1
Distribution of linked "o";"19670930";1
Distribution of linked "o";"19371015";1
Distribution of linked "o";"18600128";1
Distribution of linked "o";"19340121";1
Distribution of linked "o";"20140125";1
Distribution of linked "o";"19680708";1
Distribution of linked "o";"18801107";1
Distribution of linked "o";"19540429";1
Distribution of linked "o";"19550225";1
Distribution of linked "o";"17720101";1
Distribution of linked "o";"18471101";1
Distribution of linked "o";"20101107";1
Distribution of linked "o";"18620314";1
Distribution of linked "o";"19400923";1
Distribution of linked "o";"18620427";1
Distribution of linked "o";"19300715";1
Distribution of linked "o";"18561220";1
Distribution of linked "o";"19230922";1
Distribution of linked "o";"17740429";1
Distribution of linked "o";"18560204";1
Distribution of linked "o";"19170409";1
Distribution of linked "o";"20000913";1
Distribution of linked "o";"20050603";1
Distribution of linked "o";"Q206343";1
Distribution of linked "o";"19880315";1
Distribution of linked "o";"19381020";1
Distribution of linked "o";"20091223";1
Distribution of linked "o";"18920527";1
Distribution of linked "o";"18320512";1
Distribution of linked "o";"19041229";1
Distribution of linked "o";"19200325";1
Distribution of linked "o";"Q78505";1
Distribution of linked "o";"18970221";1
Distribution of linked "o";"19791012";1
Distribution of linked "o";"19570330";1
Distribution of linked "o";"19350422";1
Distribution of linked "o";"17461215";1
Distribution of linked "o";"18120404";1
Distribution of linked "o";"19720827";1
Distribution of linked "o";"19160407";1
Distribution of linked "o";"18960611";1
Distribution of linked "o";"19700412";1
Distribution of linked "o";"19370202";1
Distribution of linked "o";"18840127";1
Distribution of linked "o";"19760910";1
Distribution of linked "o";"19260808";1
Distribution of linked "o";"19550420";1
Distribution of linked "o";"17740419";1
Distribution of linked "o";"18451219";1
Distribution of linked "o";"19471207";1
Distribution of linked "o";"18270502";1
Distribution of linked "o";"18940207";1
Distribution of linked "o";"Q1851014";1
Distribution of linked "o";"19360707";1
Distribution of linked "o";"19090114";1
Distribution of linked "o";"19780729";1
Distribution of linked "o";"19471002";1
Distribution of linked "o";"18470114";1
Distribution of linked "o";"19230113";1
Distribution of linked "o";"18650120";1
Distribution of linked "o";"19350828";1
Distribution of linked "o";"20030621";1
Distribution of linked "o";"18320326";1
Distribution of linked "o";"19220904";1
Distribution of linked "o";"19990905";1
Distribution of linked "o";"18181018";1
Distribution of linked "o";"19001203";1
Distribution of linked "o";"19001102";1
Distribution of linked "o";"19420626";1
Distribution of linked "o";"19470210";1
Distribution of linked "o";"19960218";1
Distribution of linked "o";"19070814";1
Distribution of linked "o";"19911121";1
Distribution of linked "o";"17071112";1
Distribution of linked "o";"17740611";1
Distribution of linked "o";"19180521";1
Distribution of linked "o";"19750820";1
Distribution of linked "o";"18910811";1
Distribution of linked "o";"19440311";1
Distribution of linked "o";"19070714";1
Distribution of linked "o";"19860121";1
Distribution of linked "o";"19491127";1
Distribution of linked "o";"18830601";1
Distribution of linked "o";"16530107";1
Distribution of linked "o";"19100702";1
Distribution of linked "o";"18430624";1
Distribution of linked "o";"19181120";1
Distribution of linked "o";"19511224";1
Distribution of linked "o";"18631013";1
Distribution of linked "o";"18450119";1
Distribution of linked "o";"18940729";1
Distribution of linked "o";"19360114";1
Distribution of linked "o";"20111103";1
Distribution of linked "o";"19560402";1
Distribution of linked "o";"19740130";1
Distribution of linked "o";"19750218";1
Distribution of linked "o";"18840418";1
Distribution of linked "o";"19791207";1
Distribution of linked "o";"19100919";1
Distribution of linked "o";"20120113";1
Distribution of linked "o";"20120114";1
Distribution of linked "o";"19080329";1
Distribution of linked "o";"18291003";1
Distribution of linked "o";"19091022";1
Distribution of linked "o";"16291216";1
Distribution of linked "o";"17010824";1
Distribution of linked "o";"Q16222132";1
Distribution of linked "o";"19430613";1
Distribution of linked "o";"18860815";1
Distribution of linked "o";"19601004";1
Distribution of linked "o";"19540505";1
Distribution of linked "o";"19460519";1
Distribution of linked "o";"18490111";1
Distribution of linked "o";"18631209";1
Distribution of linked "o";"19510205";1
Distribution of linked "o";"18990704";1
Distribution of linked "o";"19800703";1
Distribution of linked "o";"19961117";1
Distribution of linked "o";"18970411";1
Distribution of linked "o";"19620630";1
Distribution of linked "o";"19240515";1
Distribution of linked "o";"19171113";1
Distribution of linked "o";"20080507";1
Distribution of linked "o";"18890914";1
Distribution of linked "o";"19250128";1
Distribution of linked "o";"19340605";1
Distribution of linked "o";"20070127";1
Distribution of linked "o";"18671117";1
Distribution of linked "o";"19700607";1
Distribution of linked "o";"19240422";1
Distribution of linked "o";"19240412";1
Distribution of linked "o";"20030905";1
Distribution of linked "o";"19300517";1
Distribution of linked "o";"18920922";1
Distribution of linked "o";"18460128";1
Distribution of linked "o";"19400213";1
Distribution of linked "o";"19511117";1
Distribution of linked "o";"17910224";1
Distribution of linked "o";"19831027";1
Distribution of linked "o";"19270629";1
Distribution of linked "o";"18680513";1
Distribution of linked "o";"18680518";1
Distribution of linked "o";"19370121";1
Distribution of linked "o";"19061010";1
Distribution of linked "o";"19840102";1
Distribution of linked "o";"18771218";1
Distribution of linked "o";"19131024";1
Distribution of linked "o";"20100805";1
Distribution of linked "o";"19430701";1
Distribution of linked "o";"18870207";1
Distribution of linked "o";"19641121";1
Distribution of linked "o";"18321104";1
Distribution of linked "o";"19000223";1
Distribution of linked "o";"18990519";1
Distribution of linked "o";"18430330";1
Distribution of linked "o";"19260602";1
Distribution of linked "o";"19530806";1
Distribution of linked "o";"18550323";1
Distribution of linked "o";"19271011";1
Distribution of linked "o";"19310315";1
Distribution of linked "o";"17360815";1
Distribution of linked "o";"17350815";1
Distribution of linked "o";"19580515";1
Distribution of linked "o";"19470714";1
Distribution of linked "o";"17380818";1
Distribution of linked "o";"17900831";1
Distribution of linked "o";"19860727";1
Distribution of linked "o";"19630807";1
Distribution of linked "o";"20010805";1
Distribution of linked "o";"17931228";1
Distribution of linked "o";"18700317";1
Distribution of linked "o";"15971013";1
Distribution of linked "o";"16341006";1
Distribution of linked "o";"18830913";1
Distribution of linked "o";"19500529";1
Distribution of linked "o";"18860524";1
Distribution of linked "o";"20140218";1
Distribution of linked "o";"19140928";1
Distribution of linked "o";"19261117";1
Distribution of linked "o";"13790101";1
Distribution of linked "o";"18260513";1
Distribution of linked "o";"18820119";1
Distribution of linked "o";"18971020";1
Distribution of linked "o";"19750330";1
Distribution of linked "o";"19020529";1
Distribution of linked "o";"19240910";1
Distribution of linked "o";"18020821";1
Distribution of linked "o";"18770510";1
Distribution of linked "o";"18900529";1
Distribution of linked "o";"18640310";1
Distribution of linked "o";"19380814";1
Distribution of linked "o";"18520228";1
Distribution of linked "o";"19290915";1
Distribution of linked "o";"19070402";1
Distribution of linked "o";"19470430";1
Distribution of linked "o";"19050830";1
Distribution of linked "o";"19720409";1
Distribution of linked "o";"19720419";1
Distribution of linked "o";"19760508";1
Distribution of linked "o";"18930930";1
Distribution of linked "o";"19651107";1
Distribution of linked "o";"18400409";1
Distribution of linked "o";"19310525";1
Distribution of linked "o";"18551216";1
Distribution of linked "o";"15140920";1
Distribution of linked "o";"15900219";1
Distribution of linked "o";"19181129";1
Distribution of linked "o";"20110615";1
Distribution of linked "o";"19370404";1
Distribution of linked "o";"Q4906811";1
Distribution of linked "o";"19770827";1
Distribution of linked "o";"18491113";1
Distribution of linked "o";"18990607";1
Distribution of linked "o";"19240202";1
Distribution of linked "o";"20071002";1
Distribution of linked "o";"18430327";1
Distribution of linked "o";"16811218";1
Distribution of linked "o";"17660304";1
Distribution of linked "o";"19560627";1
Distribution of linked "o";"18141016";1
Distribution of linked "o";"19130315";1
Distribution of linked "o";"19950426";1
Distribution of linked "o";"18901025";1
Distribution of linked "o";"19741030";1
Distribution of linked "o";"18570521";1
Distribution of linked "o";"19140415";1
Distribution of linked "o";"18811118";1
Distribution of linked "o";"19610422";1
Distribution of linked "o";"19590703";1
Distribution of linked "o";"16280422";1
Distribution of linked "o";"16961213";1
Distribution of linked "o";"19330710";1
Distribution of linked "o";"19031129";1
Distribution of linked "o";"20140211";1
Distribution of linked "o";"19440830";1
Distribution of linked "o";"19120502";1
Distribution of linked "o";"19760618";1
Distribution of linked "o";"18960701";1
Distribution of linked "o";"19640819";1
Distribution of linked "o";"18570422";1
Distribution of linked "o";"19370123";1
Distribution of linked "o";"19530201";1
Distribution of linked "o";"17871011";1
Distribution of linked "o";"18670414";1
Distribution of linked "o";"19940127";1
Distribution of linked "o";"19571008";1
Distribution of linked "o";"18790622";1
Distribution of linked "o";"17851213";1
Distribution of linked "o";"17850913";1
Distribution of linked "o";"18380529";1
Distribution of linked "o";"18590529";1
Distribution of linked "o";"15320712";1
Distribution of linked "o";"15651102";1
Distribution of linked "o";"19570722";1
Distribution of linked "o";"17780410";1
Distribution of linked "o";"18470523";1
Distribution of linked "o";"19030111";1
Distribution of linked "o";"12180807";1
Distribution of linked "o";"11780101";1
Distribution of linked "o";"Q182973";1
Distribution of linked "o";"19060504";1
Distribution of linked "o";"19870421";1
Distribution of linked "o";"15530208";1
Distribution of linked "o";"19800319";1
Distribution of linked "o";"19360602";1
Distribution of linked "o";"14750224";1
Distribution of linked "o";"19220110";1
Distribution of linked "o";"19870707";1
Distribution of linked "o";"19100829";1
Distribution of linked "o";"19831026";1
Distribution of linked "o";"18570109";1
Distribution of linked "o";"19400924";1
Distribution of linked "o";"17331119";1
Distribution of linked "o";"18140319";1
Distribution of linked "o";"18120501";1
Distribution of linked "o";"18110501";1
Distribution of linked "o";"18840403";1
Distribution of linked "o";"17921019";1
Distribution of linked "o";"18480918";1
Distribution of linked "o";"18990913";1
Distribution of linked "o";"17980209";1
Distribution of linked "o";"18720121";1
Distribution of linked "o";"19420228";1
Distribution of linked "o";"18390127";1
Distribution of linked "o";"19140606";1
Distribution of linked "o";"17750612";1
Distribution of linked "o";"18590912";1
Distribution of linked "o";"18670409";1
Distribution of linked "o";"19521129";1
Distribution of linked "o";"17981228";1
Distribution of linked "o";"18660922";1
Distribution of linked "o";"19250407";1
Distribution of linked "o";"20091015";1
Distribution of linked "o";"19800504";1
Distribution of linked "o";"17390817";1
Distribution of linked "o";"19020109";1
Distribution of linked "o";"19960708";1
Distribution of linked "o";"18560502";1
Distribution of linked "o";"18580502";1
Distribution of linked "o";"19180531";1
Distribution of linked "o";"19411222";1
Distribution of linked "o";"20151205";1
Distribution of linked "o";"19300309";1
Distribution of linked "o";"18480801";1
Distribution of linked "o";"19180403";1
Distribution of linked "o";"19661020";1
Distribution of linked "o";"19850906";1
Distribution of linked "o";"19350625";1
Distribution of linked "o";"Q85380";1
Distribution of linked "o";"20090714";1
Distribution of linked "o";"19310723";1
Distribution of linked "o";"19101031";1
Distribution of linked "o";"19850121";1
Distribution of linked "o";"19301224";1
Distribution of linked "o";"17870329";1
Distribution of linked "o";"18590419";1
Distribution of linked "o";"18620615";1
Distribution of linked "o";"19270118";1
Distribution of linked "o";"19811127";1
Distribution of linked "o";"18980711";1
Distribution of linked "o";"19751202";1
Distribution of linked "o";"19300708";1
Distribution of linked "o";"18081208";1
Distribution of linked "o";"18900705";1
Distribution of linked "o";"19440623";1
Distribution of linked "o";"19590626";1
Distribution of linked "o";"19640311";1
Distribution of linked "o";"17550124";1
Distribution of linked "o";"17970501";1
Distribution of linked "o";"Q63769";1
Distribution of linked "o";"16641213";1
Distribution of linked "o";"16990201";1
Distribution of linked "o";"15810627";1
Distribution of linked "o";"16461104";1
Distribution of linked "o";"19050923";1
Distribution of linked "o";"19940621";1
Distribution of linked "o";"18440303";1
Distribution of linked "o";"19351106";1
Distribution of linked "o";"18171222";1
Distribution of linked "o";"18820420";1
Distribution of linked "o";"19670703";1
Distribution of linked "o";"17630413";1
Distribution of linked "o";"18590129";1
Distribution of linked "o";"19230626";1
Distribution of linked "o";"14330101";1
Distribution of linked "o";"19500624";1
Distribution of linked "o";"17930628";1
Distribution of linked "o";"18790325";1
Distribution of linked "o";"18300324";1
Distribution of linked "o";"18061222";1
Distribution of linked "o";"18690913";1
Distribution of linked "o";"18210202";1
Distribution of linked "o";"18080210";1
Distribution of linked "o";"18880503";1
Distribution of linked "o";"19001128";1
Distribution of linked "o";"19890606";1
Distribution of linked "o";"18981226";1
Distribution of linked "o";"19750328";1
Distribution of linked "o";"19020605";1
Distribution of linked "o";"19820325";1
Distribution of linked "o";"18610804";1
Distribution of linked "o";"19220820";1
Distribution of linked "o";"18040202";1
Distribution of linked "o";"18040221";1
Distribution of linked "o";"19121210";1
Distribution of linked "o";"20000615";1
Distribution of linked "o";"19410204";1
Distribution of linked "o";"19930820";1
Distribution of linked "o";"16800708";1
Distribution of linked "o";"17610830";1
Distribution of linked "o";"18880803";1
Distribution of linked "o";"19441114";1
Distribution of linked "o";"17740208";1
Distribution of linked "o";"18460711";1
Distribution of linked "o";"17600219";1
Distribution of linked "o";"18030506";1
Distribution of linked "o";"17040727";1
Distribution of linked "o";"17570310";1
Distribution of linked "o";"19150205";1
Distribution of linked "o";"20040316";1
Distribution of linked "o";"19731001";1
Distribution of linked "o";"18390721";1
Distribution of linked "o";"18940108";1
Distribution of linked "o";"19740502";1
Distribution of linked "o";"17891122";1
Distribution of linked "o";"19131104";1
Distribution of linked "o";"18681031";1
Distribution of linked "o";"19320716";1
Distribution of linked "o";"11620531";1
Distribution of linked "o";"17870409";1
Distribution of linked "o";"18590619";1
Distribution of linked "o";"11740101";1
Distribution of linked "o";"18210308";1
Distribution of linked "o";"18880414";1
Distribution of linked "o";"15000222";1
Distribution of linked "o";"18640715";1
Distribution of linked "o";"18590615";1
Distribution of linked "o";"19250208";1
Distribution of linked "o";"19340323";1
Distribution of linked "o";"16970412";1
Distribution of linked "o";"17790914";1
Distribution of linked "o";"19500112";1
Distribution of linked "o";"18240808";1
Distribution of linked "o";"18990404";1
Distribution of linked "o";"18160916";1
Distribution of linked "o";"18701209";1
Distribution of linked "o";"17080216";1
Distribution of linked "o";"17790218";1
Distribution of linked "o";"18870925";1
Distribution of linked "o";"19721122";1
Distribution of linked "o";"18680317";1
Distribution of linked "o";"18910312";1
Distribution of linked "o";"19180703";1
Distribution of linked "o";"19621204";1
Distribution of linked "o";"19620830";1
Distribution of linked "o";"20061123";1
Distribution of linked "o";"18760717";1
Distribution of linked "o";"19450816";1
Distribution of linked "o";"17801028";1
Distribution of linked "o";"18550911";1
Distribution of linked "o";"18980810";1
Distribution of linked "o";"19761222";1
Distribution of linked "o";"18770816";1
Distribution of linked "o";"19111223";1
Distribution of linked "o";"11630114";1
Distribution of linked "o";"17770813";1
Distribution of linked "o";"18460921";1
Distribution of linked "o";"19371213";1
Distribution of linked "o";"13320105";1
Distribution of linked "o";"12450101";1
Distribution of linked "o";"18960916";1
Distribution of linked "o";"19881021";1
Distribution of linked "o";"19900815";1
Distribution of linked "o";"16690101";1
Distribution of linked "o";"19380416";1
Distribution of linked "o";"18640108";1
Distribution of linked "o";"18630118";1
Distribution of linked "o";"19391019";1
Distribution of linked "o";"19391024";1
Distribution of linked "o";"19640209";1
Distribution of linked "o";"18580323";1
Distribution of linked "o";"18580322";1
Distribution of linked "o";"18720524";1
Distribution of linked "o";"17940826";1
Distribution of linked "o";"18430825";1
Distribution of linked "o";"18430925";1
Distribution of linked "o";"18510118";1
Distribution of linked "o";"19200714";1
Distribution of linked "o";"19610123";1
Distribution of linked "o";"17840904";1
Distribution of linked "o";"18711225";1
Distribution of linked "o";"18711226";1
Distribution of linked "o";"17781229";1
Distribution of linked "o";"18460810";1
Distribution of linked "o";"19960722";1
Distribution of linked "o";"18620411";1
Distribution of linked "o";"19360826";1
Distribution of linked "o";"19360820";1
Distribution of linked "o";"18170326";1
Distribution of linked "o";"18881216";1
Distribution of linked "o";"18870707";1
Distribution of linked "o";"18401117";1
Distribution of linked "o";"19030512";1
Distribution of linked "o";"18370205";1
Distribution of linked "o";"19080422";1
Distribution of linked "o";"18680604";1
Distribution of linked "o";"20150414";1
Distribution of linked "o";"19791215";1
Distribution of linked "o";"19091122";1
Distribution of linked "o";"20020810";1
Distribution of linked "o";"20010803";1
Distribution of linked "o";"19560921";1
Distribution of linked "o";"19050820";1
Distribution of linked "o";"19730514";1
Distribution of linked "o";"18710128";1
Distribution of linked "o";"19480825";1
Distribution of linked "o";"18990304";1
Distribution of linked "o";"19661029";1
Distribution of linked "o";"19740815";1
Distribution of linked "o";"19240324";1
Distribution of linked "o";"19840709";1
Distribution of linked "o";"18340119";1
Distribution of linked "o";"18340000";1
Distribution of linked "o";"19030000";1
Distribution of linked "o";"19530418";1
Distribution of linked "o";"19510302";1
Distribution of linked "o";"19420109";1
Distribution of linked "o";"18601204";1
Distribution of linked "o";"19210514";1
Distribution of linked "o";"19740613";1
Distribution of linked "o";"18021020";1
Distribution of linked "o";"18880210";1
Distribution of linked "o";"19550516";1
Distribution of linked "o";"18560601";1
Distribution of linked "o";"19181017";1
Distribution of linked "o";"18930612";1
Distribution of linked "o";"19751219";1
Distribution of linked "o";"18691221";1
Distribution of linked "o";"19470418";1
Distribution of linked "o";"19890713";1
Distribution of linked "o";"19150527";1
Distribution of linked "o";"19191113";1
Distribution of linked "o";"20100223";1
Distribution of linked "o";"18670909";1
Distribution of linked "o";"19250505";1
Distribution of linked "o";"20130528";1
Distribution of linked "o";"18690216";1
Distribution of linked "o";"19360825";1
Distribution of linked "o";"18780923";1
Distribution of linked "o";"19620626";1
Distribution of linked "o";"16110907";1
Distribution of linked "o";"16840414";1
Distribution of linked "o";"18610605";1
Distribution of linked "o";"19250203";1
Distribution of linked "o";"19360915";1
Distribution of linked "o";"20050605";1
Distribution of linked "o";"19140915";1
Distribution of linked "o";"20031127";1
Distribution of linked "o";"19700418";1
Distribution of linked "o";"18890221";1
Distribution of linked "o";"18761121";1
Distribution of linked "o";"19670619";1
Distribution of linked "o";"19670116";1
Distribution of linked "o";"18910721";1
Distribution of linked "o";"19890504";1
Distribution of linked "o";"16361011";1
Distribution of linked "o";"18611215";1
Distribution of linked "o";"19160707";1
Distribution of linked "o";"19470701";1
Distribution of linked "o";"18111015";1
Distribution of linked "o";"19000823";1
Distribution of linked "o";"19930415";1
Distribution of linked "o";"20140322";1
Distribution of linked "o";"19540110";1
Distribution of linked "o";"19611018";1
Distribution of linked "o";"19191102";1
Distribution of linked "o";"20090508";1
Distribution of linked "o";"18540125";1
Distribution of linked "o";"19241012";1
Distribution of linked "o";"19240812";1
Distribution of linked "o";"18401211";1
Distribution of linked "o";"19210401";1
Distribution of linked "o";"18650327";1
Distribution of linked "o";"18440620";1
Distribution of linked "o";"19190426";1
Distribution of linked "o";"19631130";1
Distribution of linked "o";"18501221";1
Distribution of linked "o";"19021210";1
Distribution of linked "o";"15441115";1
Distribution of linked "o";"18291128";1
Distribution of linked "o";"12550000";1
Distribution of linked "o";"13050000";1
Distribution of linked "o";"16050825";1
Distribution of linked "o";"19240724";1
Distribution of linked "o";"20100920";1
Distribution of linked "o";"19740518";1
Distribution of linked "o";"19921128";1
Distribution of linked "o";"19470502";1
Distribution of linked "o";"17550211";1
Distribution of linked "o";"18221229";1
Distribution of linked "o";"13460923";1
Distribution of linked "o";"12880000";1
Distribution of linked "o";"15211211";1
Distribution of linked "o";"19560706";1
Distribution of linked "o";"19070125";1
Distribution of linked "o";"19921003";1
Distribution of linked "o";"19191230";1
Distribution of linked "o";"20100630";1
Distribution of linked "o";"15170629";1
Distribution of linked "o";"14450000";1
Distribution of linked "o";"19120218";1
Distribution of linked "o";"19920312";1
Distribution of linked "o";"17570609";1
Distribution of linked "o";"18450423";1
Distribution of linked "o";"19281112";1
Distribution of linked "o";"17680605";1
Distribution of linked "o";"18470315";1
Distribution of linked "o";"19410424";1
Distribution of linked "o";"18550122";1
Distribution of linked "o";"19100303";1
Distribution of linked "o";"19500228";1
Distribution of linked "o";"19571109";1
Distribution of linked "o";"18781230";1
Distribution of linked "o";"19620910";1
Distribution of linked "o";"18181031";1
Distribution of linked "o";"18630215";1
Distribution of linked "o";"19670207";1
Distribution of linked "o";"20091216";1
Distribution of linked "o";"17010524";1
Distribution of linked "o";"17680112";1
Distribution of linked "o";"18310803";1
Distribution of linked "o";"18920415";1
Distribution of linked "o";"17960101";1
Distribution of linked "o";"18960805";1
Distribution of linked "o";"19180716";1
Distribution of linked "o";"19010716";1
Distribution of linked "o";"19720712";1
Distribution of linked "o";"18490202";1
Distribution of linked "o";"19030603";1
Distribution of linked "o";"17620422";1
Distribution of linked "o";"18131218";1
Distribution of linked "o";"18890404";1
Distribution of linked "o";"Q1640009";1
Distribution of linked "o";"19770406";1
Distribution of linked "o";"18750307";1
Distribution of linked "o";"18690605";1
Distribution of linked "o";"19561121";1
Distribution of linked "o";"12170101";1
Distribution of linked "o";"18091216";1
Distribution of linked "o";"19570301";1
Distribution of linked "o";"18841216";1
Distribution of linked "o";"18711012";1
Distribution of linked "o";"20150908";1
Distribution of linked "o";"19020223";1
Distribution of linked "o";"18800120";1
Distribution of linked "o";"19531127";1
Distribution of linked "o";"18990222";1
Distribution of linked "o";"19880502";1
Distribution of linked "o";"19690725";1
Distribution of linked "o";"15520000";1
Distribution of linked "o";"19720111";1
Distribution of linked "o";"18030203";1
Distribution of linked "o";"18761001";1
Distribution of linked "o";"18160315";1
Distribution of linked "o";"18730628";1
Distribution of linked "o";"18730629";1
Distribution of linked "o";"19501229";1
Distribution of linked "o";"18720607";1
Distribution of linked "o";"18130417";1
Distribution of linked "o";"19330813";1
Distribution of linked "o";"18860424";1
Distribution of linked "o";"19380701";1
Distribution of linked "o";"17530112";1
Distribution of linked "o";"18390807";1
Distribution of linked "o";"19270802";1
Distribution of linked "o";"18960731";1
Distribution of linked "o";"19690624";1
Distribution of linked "o";"19200525";1
Distribution of linked "o";"19250526";1
Distribution of linked "o";"19870712";1
Distribution of linked "o";"19870709";1
Distribution of linked "o";"19420825";1
Distribution of linked "o";"20110115";1
Distribution of linked "o";"18911206";1
Distribution of linked "o";"19610823";1
Distribution of linked "o";"19380428";1
Distribution of linked "o";"19770910";1
Distribution of linked "o";"19290212";1
Distribution of linked "o";"20110420";1
Distribution of linked "o";"19350123";1
Distribution of linked "o";"19840630";1
Distribution of linked "o";"17640101";1
Distribution of linked "o";"18390126";1
Distribution of linked "o";"18390426";1
Distribution of linked "o";"19190901";1
Distribution of linked "o";"19450708";1
Distribution of linked "o";"18861001";1
Distribution of linked "o";"19381210";1
Distribution of linked "o";"19321005";1
Distribution of linked "o";"19270609";1
Distribution of linked "o";"18790901";1
Distribution of linked "o";"19170915";1
Distribution of linked "o";"19880917";1
Distribution of linked "o";"19120827";1
Distribution of linked "o";"11370529";1
Distribution of linked "o";"11020101";1
Distribution of linked "o";"14401015";1
Distribution of linked "o";"14830113";1
Distribution of linked "o";"17170813";1
Distribution of linked "o";"17620720";1
Distribution of linked "o";"19871203";1
Distribution of linked "o";"20130507";1
Distribution of linked "o";"19240908";1
Distribution of linked "o";"19871223";1
Distribution of linked "o";"19020909";1
Distribution of linked "o";"19880209";1
Distribution of linked "o";"17461130";1
Distribution of linked "o";"17431130";1
Distribution of linked "o";"17960520";1
Distribution of linked "o";"18900325";1
Distribution of linked "o";"18760607";1
Distribution of linked "o";"19230221";1
Distribution of linked "o";"18500616";1
Distribution of linked "o";"19190504";1
Distribution of linked "o";"18080322";1
Distribution of linked "o";"18950716";1
Distribution of linked "o";"18740513";1
Distribution of linked "o";"19440110";1
Distribution of linked "o";"19320516";1
Distribution of linked "o";"17521117";1
Distribution of linked "o";"18390320";1
Distribution of linked "o";"18860122";1
Distribution of linked "o";"19491012";1
Distribution of linked "o";"20090526";1
Distribution of linked "o";"19140510";1
Distribution of linked "o";"19950731";1
Distribution of linked "o";"18920807";1
Distribution of linked "o";"19610720";1
Distribution of linked "o";"19670724";1
Distribution of linked "o";"18901102";1
Distribution of linked "o";"19380619";1
Distribution of linked "o";"17870710";1
Distribution of linked "o";"18761106";1
Distribution of linked "o";"16460210";1
Distribution of linked "o";"16950116";1
Distribution of linked "o";"19790104";1
Distribution of linked "o";"19960910";1
Distribution of linked "o";"18500127";1
Distribution of linked "o";"19030626";1
Distribution of linked "o";"19920523";1
Distribution of linked "o";"18440207";1
Distribution of linked "o";"19030723";1
Distribution of linked "o";"19260320";1
Distribution of linked "o";"19810414";1
Distribution of linked "o";"18130606";1
Distribution of linked "o";"18790128";1
Distribution of linked "o";"17520323";1
Distribution of linked "o";"18150703";1
Distribution of linked "o";"18930511";1
Distribution of linked "o";"19691111";1
Distribution of linked "o";"19590424";1
Distribution of linked "o";"19110623";1
Distribution of linked "o";"19150918";1
Distribution of linked "o";"20050817";1
Distribution of linked "o";"19300612";1
Distribution of linked "o";"19320507";1
Distribution of linked "o";"19941026";1
Distribution of linked "o";"18451103";1
Distribution of linked "o";"Q1895629";1
Distribution of linked "o";"Q1379343";1
Distribution of linked "o";"18440909";1
Distribution of linked "o";"19281115";1
Distribution of linked "o";"18870210";1
Distribution of linked "o";"19681112";1
Distribution of linked "o";"19521112";1
Distribution of linked "o";"18410312";1
Distribution of linked "o";"19210330";1
Distribution of linked "o";"18051031";1
Distribution of linked "o";"18880629";1
Distribution of linked "o";"18360311";1
Distribution of linked "o";"19161215";1
Distribution of linked "o";"19510919";1
Distribution of linked "o";"18931025";1
Distribution of linked "o";"19820201";1
Distribution of linked "o";"18720322";1
Distribution of linked "o";"19510216";1
Distribution of linked "o";"19380222";1
Distribution of linked "o";"18940705";1
Distribution of linked "o";"19640330";1
Distribution of linked "o";"18210515";1
Distribution of linked "o";"18940814";1
Distribution of linked "o";"19231109";1
Distribution of linked "o";"19740512";1
Distribution of linked "o";"19670623";1
Distribution of linked "o";"19480921";1
Distribution of linked "o";"19140128";1
Distribution of linked "o";"20020918";1
Distribution of linked "o";"19491023";1
Distribution of linked "o";"20110221";1
Distribution of linked "o";"19460929";1
Distribution of linked "o";"18760313";1
Distribution of linked "o";"19250428";1
Distribution of linked "o";"19730612";1
Distribution of linked "o";"19090310";1
Distribution of linked "o";"19941230";1
Distribution of linked "o";"19700624";1
Distribution of linked "o";"17420707";1
Distribution of linked "o";"17891105";1
Distribution of linked "o";"18080825";1
Distribution of linked "o";"18840614";1
Distribution of linked "o";"18130804";1
Distribution of linked "o";"18871006";1
Distribution of linked "o";"19310916";1
Distribution of linked "o";"19620927";1
Distribution of linked "o";"18170531";1
Distribution of linked "o";"18931130";1
Distribution of linked "o";"19111206";1
Distribution of linked "o";"20020311";1
Distribution of linked "o";"17990526";1
Distribution of linked "o";"18530206";1
Distribution of linked "o";"18530203";1
Distribution of linked "o";"17780216";1
Distribution of linked "o";"18370924";1
Distribution of linked "o";"18441103";1
Distribution of linked "o";"19001105";1
Distribution of linked "o";"18760921";1
Distribution of linked "o";"19430802";1
Distribution of linked "o";"20140720";1
Distribution of linked "o";"17821126";1
Distribution of linked "o";"18530822";1
Distribution of linked "o";"18471111";1
Distribution of linked "o";"19130405";1
Distribution of linked "o";"18881117";1
Distribution of linked "o";"19690108";1
Distribution of linked "o";"17431211";1
Distribution of linked "o";"18120823";1
Distribution of linked "o";"18421018";1
Distribution of linked "o";"19520917";1
Distribution of linked "o";"18860714";1
Distribution of linked "o";"18880622";1
Distribution of linked "o";"19371101";1
Distribution of linked "o";"19820308";1
Distribution of linked "o";"18860601";1
Distribution of linked "o";"19460802";1
Distribution of linked "o";"Q552954";1
Distribution of linked "o";"19340916";1
Distribution of linked "o";"18721110";1
Distribution of linked "o";"19470411";1
Distribution of linked "o";"18491214";1
Distribution of linked "o";"19131021";1
Distribution of linked "o";"18221204";1
Distribution of linked "o";"18930414";1
Distribution of linked "o";"19800412";1
Distribution of linked "o";"19860219";1
Distribution of linked "o";"19260916";1
Distribution of linked "o";"18760614";1
Distribution of linked "o";"19041110";1
Distribution of linked "o";"19881217";1
Distribution of linked "o";"20080926";1
Distribution of linked "o";"16550215";1
Distribution of linked "o";"17150327";1
Distribution of linked "o";"19411220";1
Distribution of linked "o";"19390429";1
Distribution of linked "o";"19031020";1
Distribution of linked "o";"13800101";1
Distribution of linked "o";"13300000";1
Distribution of linked "o";"18060319";1
Distribution of linked "o";"18731220";1
Distribution of linked "o";"19110506";1
Distribution of linked "o";"19690902";1
Distribution of linked "o";"19300413";1
Distribution of linked "o";"18160516";1
Distribution of linked "o";"18810303";1
Distribution of linked "o";"19190521";1
Distribution of linked "o";"19881222";1
Distribution of linked "o";"14940404";1
Distribution of linked "o";"15540116";1
Distribution of linked "o";"19681003";1
Distribution of linked "o";"19550625";1
Distribution of linked "o";"19620215";1
Distribution of linked "o";"18600215";1
Distribution of linked "o";"19191010";1
Distribution of linked "o";"19081017";1
Distribution of linked "o";"19410629";1
Distribution of linked "o";"18790923";1
Distribution of linked "o";"19680303";1
Distribution of linked "o";"19030427";1
Distribution of linked "o";"18490222";1
Distribution of linked "o";"19140914";1
Distribution of linked "o";"20030722";1
Distribution of linked "o";"19491217";1
Distribution of linked "o";"19160303";1
Distribution of linked "o";"19850912";1
Distribution of linked "o";"18910208";1
Distribution of linked "o";"19581211";1
Distribution of linked "o";"18231002";1
Distribution of linked "o";"18960620";1
Distribution of linked "o";"17300916";1
Distribution of linked "o";"18161021";1
Distribution of linked "o";"18011007";1
Distribution of linked "o";"18800525";1
Distribution of linked "o";"19650915";1
Distribution of linked "o";"18640417";1
Distribution of linked "o";"19290730";1
Distribution of linked "o";"19060331";1
Distribution of linked "o";"19850621";1
Distribution of linked "o";"19270726";1
Distribution of linked "o";"18821009";1
Distribution of linked "o";"19500606";1
Distribution of linked "o";"18771114";1
Distribution of linked "o";"19570129";1
Distribution of linked "o";"18090112";1
Distribution of linked "o";"18420303";1
Distribution of linked "o";"18010319";1
Distribution of linked "o";"18611027";1
Distribution of linked "o";"18690203";1
Distribution of linked "o";"19360214";1
Distribution of linked "o";"19631108";1
Distribution of linked "o";"19180315";1
Distribution of linked "o";"19831021";1
Distribution of linked "o";"19360524";1
Distribution of linked "o";"18370212";1
Distribution of linked "o";"18521107";1
Distribution of linked "o";"19131222";1
Distribution of linked "o";"18480321";1
Distribution of linked "o";"19260514";1
Distribution of linked "o";"19470213";1
Distribution of linked "o";"19000607";1
Distribution of linked "o";"19760828";1
Distribution of linked "o";"19040124";1
Distribution of linked "o";"19900204";1
Distribution of linked "o";"Q258483";1
Distribution of linked "o";"18200929";1
Distribution of linked "o";"18830824";1
Distribution of linked "o";"12310000";1
Distribution of linked "o";"19430315";1
Distribution of linked "o";"19210421";1
Distribution of linked "o";"20031231";1
Distribution of linked "o";"19040722";1
Distribution of linked "o";"19780408";1
Distribution of linked "o";"19311017";1
Distribution of linked "o";"20120514";1
Distribution of linked "o";"19690516";1
Distribution of linked "o";"18551207";1
Distribution of linked "o";"19430227";1
Distribution of linked "o";"19300516";1
Distribution of linked "o";"19860709";1
Distribution of linked "o";"19030121";1
Distribution of linked "o";"19880630";1
Distribution of linked "o";"19121227";1
Distribution of linked "o";"19870127";1
Distribution of linked "o";"18080318";1
Distribution of linked "o";"18720318";1
Distribution of linked "o";"19390417";1
Distribution of linked "o";"18480307";1
Distribution of linked "o";"19370909";1
Distribution of linked "o";"19020514";1
Distribution of linked "o";"18871028";1
Distribution of linked "o";"19710318";1
Distribution of linked "o";"19630219";1
Distribution of linked "o";"18980808";1
Distribution of linked "o";"19460524";1
Distribution of linked "o";"19350827";1
Distribution of linked "o";"18551120";1
Distribution of linked "o";"19380505";1
Distribution of linked "o";"19120601";1
Distribution of linked "o";"19771009";1
Distribution of linked "o";"18910919";1
Distribution of linked "o";"19101013";1
Distribution of linked "o";"19691220";1
Distribution of linked "o";"19020828";1
Distribution of linked "o";"19900412";1
Distribution of linked "o";"19160311";1
Distribution of linked "o";"19980130";1
Distribution of linked "o";"15570328";1
Distribution of linked "o";"18970107";1
Distribution of linked "o";"19750805";1
Distribution of linked "o";"19640621";1
Distribution of linked "o";"20050402";1
Distribution of linked "o";"19110902";1
Distribution of linked "o";"19420605";1
Distribution of linked "o";"17950721";1
Distribution of linked "o";"18640115";1
Distribution of linked "o";"19710911";1
Distribution of linked "o";"19980204";1
Distribution of linked "o";"19111114";1
Distribution of linked "o";"20010105";1
Distribution of linked "o";"18410106";1
Distribution of linked "o";"19190412";1
Distribution of linked "o";"19161204";1
Distribution of linked "o";"20071102";1
Distribution of linked "o";"19220629";1
Distribution of linked "o";"19990809";1
Distribution of linked "o";"19041121";1
Distribution of linked "o";"19301126";1
Distribution of linked "o";"15580227";1
Distribution of linked "o";"19000212";1
Distribution of linked "o";"18830810";1
Distribution of linked "o";"19340202";1
Distribution of linked "o";"Q20798793";1
Distribution of linked "o";"20110909";1
Distribution of linked "o";"19640804";1
Distribution of linked "o";"18300620";1
Distribution of linked "o";"19220915";1
Distribution of linked "o";"18450915";1
Distribution of linked "o";"19551005";1
Distribution of linked "o";"19120826";1
Distribution of linked "o";"18990310";1
Distribution of linked "o";"20011126";1
Distribution of linked "o";"19210427";1
Distribution of linked "o";"19940728";1
Distribution of linked "o";"18740219";1
Distribution of linked "o";"18741214";1
Distribution of linked "o";"19330907";1
Distribution of linked "o";"17720808";1
Distribution of linked "o";"18420413";1
Distribution of linked "o";"18691203";1
Distribution of linked "o";"18440523";1
Distribution of linked "o";"18290902";1
Distribution of linked "o";"18901031";1
Distribution of linked "o";"19080727";1
Distribution of linked "o";"19570428";1
Distribution of linked "o";"19070219";1
Distribution of linked "o";"18361026";1
Distribution of linked "o";"19050616";1
Distribution of linked "o";"19050613";1
Distribution of linked "o";"18980613";1
Distribution of linked "o";"19760807";1
Distribution of linked "o";"18790719";1
Distribution of linked "o";"18110708";1
Distribution of linked "o";"19790507";1
Distribution of linked "o";"19020316";1
Distribution of linked "o";"19910103";1
Distribution of linked "o";"Q894277";1
Distribution of linked "o";"19841222";1
Distribution of linked "o";"19030708";1
Distribution of linked "o";"19731216";1
Distribution of linked "o";"18771222";1
Distribution of linked "o";"19730715";1
Distribution of linked "o";"18390828";1
Distribution of linked "o";"16520213";1
Distribution of linked "o";"16890926";1
Distribution of linked "o";"16820502";1
Distribution of linked "o";"17190616";1
Distribution of linked "o";"19400509";1
Distribution of linked "o";"18350707";1
Distribution of linked "o";"16491019";1
Distribution of linked "o";"17080319";1
Distribution of linked "o";"17350409";1
Distribution of linked "o";"18110706";1
Distribution of linked "o";"18730706";1
Distribution of linked "o";"19140917";1
Distribution of linked "o";"19590223";1
Distribution of linked "o";"20071205";1
Distribution of linked "o";"19060505";1
Distribution of linked "o";"19840219";1
Distribution of linked "o";"18640828";1
Distribution of linked "o";"19290617";1
Distribution of linked "o";"19510616";1
Distribution of linked "o";"19680606";1
Distribution of linked "o";"18371107";1
Distribution of linked "o";"19181119";1
Distribution of linked "o";"18131008";1
Distribution of linked "o";"18900321";1
Distribution of linked "o";"19560523";1
Distribution of linked "o";"18550709";1
Distribution of linked "o";"18620713";1
Distribution of linked "o";"15330502";1
Distribution of linked "o";"15960404";1
Distribution of linked "o";"19000720";1
Distribution of linked "o";"19950506";1
Distribution of linked "o";"18920616";1
Distribution of linked "o";"19630124";1
Distribution of linked "o";"18120623";1
Distribution of linked "o";"18271224";1
Distribution of linked "o";"19050808";1
Distribution of linked "o";"19060820";1
Distribution of linked "o";"19761112";1
Distribution of linked "o";"18970825";1
Distribution of linked "o";"19741231";1
Distribution of linked "o";"15290910";1
Distribution of linked "o";"19431213";1
Distribution of linked "o";"17570701";1
Distribution of linked "o";"18280810";1
Distribution of linked "o";"18280822";1
Distribution of linked "o";"19140122";1
Distribution of linked "o";"19871014";1
Distribution of linked "o";"19600318";1
Distribution of linked "o";"19030129";1
Distribution of linked "o";"19650717";1
Distribution of linked "o";"18570324";1
Distribution of linked "o";"19001107";1
Distribution of linked "o";"18230803";1
Distribution of linked "o";"18920316";1
Distribution of linked "o";"19760518";1
Distribution of linked "o";"19121123";1
Distribution of linked "o";"20120815";1
Distribution of linked "o";"18880809";1
Distribution of linked "o";"19081119";1
Distribution of linked "o";"20091005";1
Distribution of linked "o";"19400919";1
Distribution of linked "o";"19081213";1
Distribution of linked "o";"17890620";1
Distribution of linked "o";"18480313";1
Distribution of linked "o";"18670225";1
Distribution of linked "o";"19330519";1
Distribution of linked "o";"19620924";1
Distribution of linked "o";"17731105";1
Distribution of linked "o";"18570507";1
Distribution of linked "o";"18201103";1
Distribution of linked "o";"18840716";1
Distribution of linked "o";"20140417";1
Distribution of linked "o";"19490430";1
Distribution of linked "o";"19130419";1
Distribution of linked "o";"18940608";1
Distribution of linked "o";"19420818";1
Distribution of linked "o";"19980114";1
Distribution of linked "o";"19231122";1
Distribution of linked "o";"17740609";1
Distribution of linked "o";"18561123";1
Distribution of linked "o";"Q271040";1
Distribution of linked "o";"18930301";1
Distribution of linked "o";"19660501";1
Distribution of linked "o";"19510525";1
Distribution of linked "o";"19230201";1
Distribution of linked "o";"18691218";1
Distribution of linked "o";"19581217";1
Distribution of linked "o";"19231101";1
Distribution of linked "o";"20040519";1
Distribution of linked "o";"19640122";1
Distribution of linked "o";"15901003";1
Distribution of linked "o";"16600707";1
Distribution of linked "o";"19050829";1
Distribution of linked "o";"18130207";1
Distribution of linked "o";"19020617";1
Distribution of linked "o";"18970116";1
Distribution of linked "o";"19980915";1
Distribution of linked "o";"18800413";1
Distribution of linked "o";"19670320";1
Distribution of linked "o";"19880714";1
Distribution of linked "o";"19080209";1
Distribution of linked "o";"19601113";1
Distribution of linked "o";"18220301";1
Distribution of linked "o";"17880120";1
Distribution of linked "o";"18650904";1
Distribution of linked "o";"18330803";1
Distribution of linked "o";"19020610";1
Distribution of linked "o";"18640725";1
Distribution of linked "o";"19510801";1
Distribution of linked "o";"19790326";1
Distribution of linked "o";"17991222";1
Distribution of linked "o";"18310917";1
Distribution of linked "o";"18030411";1
Distribution of linked "o";"18711020";1
Distribution of linked "o";"19430424";1
Distribution of linked "o";"16390101";1
Distribution of linked "o";"16831007";1
Distribution of linked "o";"16840324";1
Distribution of linked "o";"17510818";1
Distribution of linked "o";"18880919";1
Distribution of linked "o";"19841017";1
Distribution of linked "o";"19031014";1
Distribution of linked "o";"19380529";1
Distribution of linked "o";"18730327";1
Distribution of linked "o";"19300317";1
Distribution of linked "o";"Q86034";1
Distribution of linked "o";"19920503";1
Distribution of linked "o";"19810609";1
Distribution of linked "o";"19440116";1
Distribution of linked "o";"19100203";1
Distribution of linked "o";"19300427";1
Distribution of linked "o";"20100128";1
Distribution of linked "o";"19461111";1
Distribution of linked "o";"20110725";1
Distribution of linked "o";"19121027";1
Distribution of linked "o";"18430416";1
Distribution of linked "o";"18930408";1
Distribution of linked "o";"19400322";1
Distribution of linked "o";"19310417";1
Distribution of linked "o";"18610328";1
Distribution of linked "o";"19030525";1
Distribution of linked "o";"18460429";1
Distribution of linked "o";"19180328";1
Distribution of linked "o";"19650530";1
Distribution of linked "o";"19490115";1
Distribution of linked "o";"20100126";1
Distribution of linked "o";"19440906";1
Distribution of linked "o";"19061101";1
Distribution of linked "o";"19890107";1
Distribution of linked "o";"19670515";1
Distribution of linked "o";"17000729";1
Distribution of linked "o";"17640526";1
Distribution of linked "o";"16630106";1
Distribution of linked "o";"16960908";1
Distribution of linked "o";"19530417";1
Distribution of linked "o";"18041230";1
Distribution of linked "o";"18720502";1
Distribution of linked "o";"Q57584";1
Distribution of linked "o";"19200214";1
Distribution of linked "o";"20080623";1
Distribution of linked "o";"18861202";1
Distribution of linked "o";"19710123";1
Distribution of linked "o";"18680322";1
Distribution of linked "o";"19270125";1
Distribution of linked "o";"17361029";1
Distribution of linked "o";"17881108";1
Distribution of linked "o";"17810809";1
Distribution of linked "o";"18420620";1
Distribution of linked "o";"19680713";1
Distribution of linked "o";"19450307";1
Distribution of linked "o";"18731101";1
Distribution of linked "o";"19460912";1
Distribution of linked "o";"19801115";1
Distribution of linked "o";"19360906";1
Distribution of linked "o";"20150607";1
Distribution of linked "o";"19410531";1
Distribution of linked "o";"17460220";1
Distribution of linked "o";"17860110";1
Distribution of linked "o";"19700119";1
Distribution of linked "o";"19230511";1
Distribution of linked "o";"20120401";1
Distribution of linked "o";"19630324";1
Distribution of linked "o";"18970522";1
Distribution of linked "o";"19750103";1
Distribution of linked "o";"18650621";1
Distribution of linked "o";"19441112";1
Distribution of linked "o";"17790331";1
Distribution of linked "o";"18470711";1
Distribution of linked "o";"17880331";1
Distribution of linked "o";"18470311";1
Distribution of linked "o";"19430818";1
Distribution of linked "o";"20010213";1
Distribution of linked "o";"18840601";1
Distribution of linked "o";"19581113";1
Distribution of linked "o";"19660602";1
Distribution of linked "o";"19710226";1
Distribution of linked "o";"18280516";1
Distribution of linked "o";"19010125";1
Distribution of linked "o";"19450609";1
Distribution of linked "o";"19101231";1
Distribution of linked "o";"19780730";1
Distribution of linked "o";"18671118";1
Distribution of linked "o";"19380607";1
Distribution of linked "o";"18230313";1
Distribution of linked "o";"18960329";1
Distribution of linked "o";"18000801";1
Distribution of linked "o";"18640614";1
Distribution of linked "o";"19240525";1
Distribution of linked "o";"19240524";1
Distribution of linked "o";"19880324";1
Distribution of linked "o";"19081129";1
Distribution of linked "o";"19831010";1
Distribution of linked "o";"20100420";1
Distribution of linked "o";"19570817";1
Distribution of linked "o";"19770520";1
Distribution of linked "o";"19640627";1
Distribution of linked "o";"19421119";1
Distribution of linked "o";"19170718";1
Distribution of linked "o";"19230630";1
Distribution of linked "o";"19950411";1
Distribution of linked "o";"18971112";1
Distribution of linked "o";"19690923";1
Distribution of linked "o";"19290227";1
Distribution of linked "o";"19290228";1
Distribution of linked "o";"19831105";1
Distribution of linked "o";"19070118";1
Distribution of linked "o";"18271211";1
Distribution of linked "o";"19000920";1
Distribution of linked "o";"19060828";1
Distribution of linked "o";"20040120";1
Distribution of linked "o";"18040329";1
Distribution of linked "o";"18810510";1
Distribution of linked "o";"19930910";1
Distribution of linked "o";"19600606";1
Distribution of linked "o";"19790322";1
Distribution of linked "o";"17560821";1
Distribution of linked "o";"18920206";1
Distribution of linked "o";"18790321";1
Distribution of linked "o";"19370115";1
Distribution of linked "o";"19780613";1
Distribution of linked "o";"19600513";1
Distribution of linked "o";"19850619";1
Distribution of linked "o";"18050929";1
Distribution of linked "o";"18520106";1
Distribution of linked "o";"18541028";1
Distribution of linked "o";"19210307";1
Distribution of linked "o";"19870717";1
Distribution of linked "o";"19940319";1
Distribution of linked "o";"18791001";1
Distribution of linked "o";"19211031";1
Distribution of linked "o";"18680324";1
Distribution of linked "o";"19550124";1
Distribution of linked "o";"18840602";1
Distribution of linked "o";"19801128";1
Distribution of linked "o";"19670928";1
Distribution of linked "o";"19850515";1
Distribution of linked "o";"17550314";1
Distribution of linked "o";"18150131";1
Distribution of linked "o";"19340404";1
Distribution of linked "o";"19660609";1
Distribution of linked "o";"17381015";1
Distribution of linked "o";"18220904";1
Distribution of linked "o";"19390718";1
Distribution of linked "o";"18660118";1
Distribution of linked "o";"18131202";1
Distribution of linked "o";"18720425";1
Distribution of linked "o";"19440404";1
Distribution of linked "o";"18650316";1
Distribution of linked "o";"19370223";1
Distribution of linked "o";"19370225";1
Distribution of linked "o";"18100503";1
Distribution of linked "o";"18680524";1
Distribution of linked "o";"17980907";1
Distribution of linked "o";"17911219";1
Distribution of linked "o";"18631109";1
Distribution of linked "o";"19481002";1
Distribution of linked "o";"18720827";1
Distribution of linked "o";"19461202";1
Distribution of linked "o";"19470926";1
Distribution of linked "o";"19480731";1
Distribution of linked "o";"19400315";1
Distribution of linked "o";"17100430";1
Distribution of linked "o";"17950412";1
Distribution of linked "o";"19860929";1
Distribution of linked "o";"19120303";1
Distribution of linked "o";"20120228";1
Distribution of linked "o";"18940503";1
Distribution of linked "o";"18841222";1
Distribution of linked "o";"19271001";1
Distribution of linked "o";"17430101";1
Distribution of linked "o";"19640521";1
Distribution of linked "o";"19720426";1
Distribution of linked "o";"19570621";1
Distribution of linked "o";"18310831";1
Distribution of linked "o";"19060105";1
Distribution of linked "o";"19750613";1
Distribution of linked "o";"19840210";1
Distribution of linked "o";"19091016";1
Distribution of linked "o";"19801004";1
Distribution of linked "o";"18330303";1
Distribution of linked "o";"19030220";1
Distribution of linked "o";"19430528";1
Distribution of linked "o";"20041210";1
Distribution of linked "o";"18970830";1
Distribution of linked "o";"19380417";1
Distribution of linked "o";"20070310";1
Distribution of linked "o";"19170417";1
Distribution of linked "o";"19560621";1
Distribution of linked "o";"17040224";1
Distribution of linked "o";"17630123";1
Distribution of linked "o";"19610215";1
Distribution of linked "o";"19110000";1
Distribution of linked "o";"18540323";1
Distribution of linked "o";"19220330";1
Distribution of linked "o";"19220320";1
Distribution of linked "o";"17880201";1
Distribution of linked "o";"19800804";1
Distribution of linked "o";"18781119";1
Distribution of linked "o";"18240609";1
Distribution of linked "o";"18680416";1
Distribution of linked "o";"18680419";1
Distribution of linked "o";"19120512";1
Distribution of linked "o";"19940212";1
Distribution of linked "o";"18901021";1
Distribution of linked "o";"19630121";1
Distribution of linked "o";"18311114";1
Distribution of linked "o";"18321021";1
Distribution of linked "o";"18951111";1
Distribution of linked "o";"18080316";1
Distribution of linked "o";"18860209";1
Distribution of linked "o";"18290108";1
Distribution of linked "o";"18920103";1
Distribution of linked "o";"18670417";1
Distribution of linked "o";"19421212";1
Distribution of linked "o";"19260806";1
Distribution of linked "o";"20080930";1
Distribution of linked "o";"19910123";1
Distribution of linked "o";"19790718";1
Distribution of linked "o";"18430519";1
Distribution of linked "o";"19280317";1
Distribution of linked "o";"14810412";1
Distribution of linked "o";"15540606";1
Distribution of linked "o";"19460605";1
Distribution of linked "o";"17831029";1
Distribution of linked "o";"18520522";1
Distribution of linked "o";"18661029";1
Distribution of linked "o";"19600212";1
Distribution of linked "o";"18920621";1
Distribution of linked "o";"19411206";1
Distribution of linked "o";"19700807";1
Distribution of linked "o";"18840307";1
Distribution of linked "o";"19880730";1
Distribution of linked "o";"17680824";1
Distribution of linked "o";"18321101";1
Distribution of linked "o";"18831215";1
Distribution of linked "o";"19490719";1
Distribution of linked "o";"18850808";1
Distribution of linked "o";"19580610";1
Distribution of linked "o";"18160124";1
Distribution of linked "o";"18870127";1
Distribution of linked "o";"18320312";1
Distribution of linked "o";"19171219";1
Distribution of linked "o";"19520428";1
Distribution of linked "o";"18361230";1
Distribution of linked "o";"19030515";1
Distribution of linked "o";"18720520";1
Distribution of linked "o";"19290210";1
Distribution of linked "o";"19290211";1
Distribution of linked "o";"19510324";1
Distribution of linked "o";"16470812";1
Distribution of linked "o";"16900515";1
Distribution of linked "o";"16870413";1
Distribution of linked "o";"17751220";1
Distribution of linked "o";"18670322";1
Distribution of linked "o";"19430621";1
Distribution of linked "o";"19401017";1
Distribution of linked "o";"19391017";1
Distribution of linked "o";"20071013";1
Distribution of linked "o";"19680208";1
Distribution of linked "o";"19551217";1
Distribution of linked "o";"19020515";1
Distribution of linked "o";"19380312";1
Distribution of linked "o";"19090824";1
Distribution of linked "o";"19450410";1
Distribution of linked "o";"18820825";1
Distribution of linked "o";"19260928";1
Distribution of linked "o";"19740223";1
Distribution of linked "o";"13680000";1
Distribution of linked "o";"19051020";1
Distribution of linked "o";"19290313";1
Distribution of linked "o";"20080530";1
Distribution of linked "o";"19961122";1
Distribution of linked "o";"19180109";1
Distribution of linked "o";"19711118";1
Distribution of linked "o";"19741023";1
Distribution of linked "o";"19890927";1
Distribution of linked "o";"19951008";1
Distribution of linked "o";"20060206";1
Distribution of linked "o";"19470514";1
Distribution of linked "o";"19630728";1
Distribution of linked "o";"19131013";1
Distribution of linked "o";"19801108";1
Distribution of linked "o";"19300523";1
Distribution of linked "o";"20120429";1
Distribution of linked "o";"19120907";1
Distribution of linked "o";"19901011";1
Distribution of linked "o";"18351214";1
Distribution of linked "o";"19020524";1
Distribution of linked "o";"19411126";1
Distribution of linked "o";"18990827";1
Distribution of linked "o";"19700605";1
Distribution of linked "o";"19030118";1
Distribution of linked "o";"19210929";1
Distribution of linked "o";"19240820";1
Distribution of linked "o";"19510307";1
Distribution of linked "o";"19700309";1
Distribution of linked "o";"19740408";1
Distribution of linked "o";"18000515";1
Distribution of linked "o";"19840803";1
Distribution of linked "o";"18281027";1
Distribution of linked "o";"Q535088";1
Distribution of linked "o";"19040308";1
Distribution of linked "o";"19730408";1
Distribution of linked "o";"18280127";1
Distribution of linked "o";"18310715";1
Distribution of linked "o";"18950715";1
Distribution of linked "o";"16011009";1
Distribution of linked "o";"18941007";1
Distribution of linked "o";"19460613";1
Distribution of linked "o";"17341214";1
Distribution of linked "o";"18151230";1
Distribution of linked "o";"19821025";1
Distribution of linked "o";"19410411";1
Distribution of linked "o";"18260101";1
Distribution of linked "o";"18750505";1
Distribution of linked "o";"19370620";1
Distribution of linked "o";"19681127";1
Distribution of linked "o";"20091011";1
Distribution of linked "o";"20091010";1
Distribution of linked "o";"18520726";1
Distribution of linked "o";"19120906";1
Distribution of linked "o";"19510209";1
Distribution of linked "o";"17701213";1
Distribution of linked "o";"19710827";1
Distribution of linked "o";"15300620";1
Distribution of linked "o";"15981112";1
Distribution of linked "o";"18240531";1
Distribution of linked "o";"19770528";1
Distribution of linked "o";"19090323";1
Distribution of linked "o";"15400514";1
Distribution of linked "o";"16140101";1
Distribution of linked "o";"16050928";1
Distribution of linked "o";"16050929";1
Distribution of linked "o";"15560101";1
Distribution of linked "o";"18991226";1
Distribution of linked "o";"19770725";1
Distribution of linked "o";"18651203";1
Distribution of linked "o";"19400408";1
Distribution of linked "o";"19721012";1
Distribution of linked "o";"19470512";1
Distribution of linked "o";"19711204";1
Distribution of linked "o";"18720726";1
Distribution of linked "o";"19241108";1
Distribution of linked "o";"20130805";1
Distribution of linked "o";"19380215";1
Distribution of linked "o";"19351222";1
Distribution of linked "o";"18951001";1
Distribution of linked "o";"19751201";1
Distribution of linked "o";"19231125";1
Distribution of linked "o";"18261114";1
Distribution of linked "o";"18760113";1
Distribution of linked "o";"19000817";1
Distribution of linked "o";"19671231";1
Distribution of linked "o";"18321025";1
Distribution of linked "o";"18231119";1
Distribution of linked "o";"18881008";1
Distribution of linked "o";"17750916";1
Distribution of linked "o";"18530502";1
Distribution of linked "o";"17380904";1
Distribution of linked "o";"18171002";1
Distribution of linked "o";"18580614";1
Distribution of linked "o";"19240421";1
Distribution of linked "o";"13150000";1
Distribution of linked "o";"13750505";1
Distribution of linked "o";"18840218";1
Distribution of linked "o";"18840219";1
Distribution of linked "o";"19650223";1
Distribution of linked "o";"19480908";1
Distribution of linked "o";"19170705";1
Distribution of linked "o";"19950927";1
Distribution of linked "o";"19870627";1
Distribution of linked "o";"19400711";1
Distribution of linked "o";"20031112";1
Distribution of linked "o";"15690629";1
Distribution of linked "o";"19110328";1
Distribution of linked "o";"20001216";1
Distribution of linked "o";"15620101";1
Distribution of linked "o";"19411223";1
Distribution of linked "o";"18821105";1
Distribution of linked "o";"Q1290628";1
Distribution of linked "o";"19880608";1
Distribution of linked "o";"19701114";1
Distribution of linked "o";"19440911";1
Distribution of linked "o";"19670721";1
Distribution of linked "o";"20130711";1
Distribution of linked "o";"18891124";1
Distribution of linked "o";"19661104";1
Distribution of linked "o";"15010817";1
Distribution of linked "o";"15290328";1
Distribution of linked "o";"Q25878";1
Distribution of linked "o";"19690404";1
Distribution of linked "o";"19640913";1
Distribution of linked "o";"19571224";1
Distribution of linked "o";"Q103988";1
Distribution of linked "o";"19130120";1
Distribution of linked "o";"19521227";1
Distribution of linked "o";"19701120";1
Distribution of linked "o";"19860610";1
Distribution of linked "o";"18691005";1
Distribution of linked "o";"19451114";1
Distribution of linked "o";"19500506";1
Distribution of linked "o";"18510115";1
Distribution of linked "o";"19340926";1
Distribution of linked "o";"16840923";1
Distribution of linked "o";"17561026";1
Distribution of linked "o";"19280206";1
Distribution of linked "o";"19510724";1
Distribution of linked "o";"19461211";1
Distribution of linked "o";"19340303";1
Distribution of linked "o";"19750411";1
Distribution of linked "o";"19140814";1
Distribution of linked "o";"20100403";1
Distribution of linked "o";"19250614";1
Distribution of linked "o";"18330911";1
Distribution of linked "o";"18831225";1
Distribution of linked "o";"18490720";1
Distribution of linked "o";"19290108";1
Distribution of linked "o";"19091227";1
Distribution of linked "o";"19871114";1
Distribution of linked "o";"19550824";1
Distribution of linked "o";"18851102";1
Distribution of linked "o";"19510706";1
Distribution of linked "o";"19110613";1
Distribution of linked "o";"19770517";1
Distribution of linked "o";"18780201";1
Distribution of linked "o";"19651024";1
Distribution of linked "o";"15630922";1
Distribution of linked "o";"07141216";1
Distribution of linked "o";"06450000";1
Distribution of linked "o";"18110115";1
Distribution of linked "o";"18491114";1
Distribution of linked "o";"19051210";1
Distribution of linked "o";"18350410";1
Distribution of linked "o";"19001112";1
Distribution of linked "o";"19260524";1
Distribution of linked "o";"19340306";1
Distribution of linked "o";"19410620";1
Distribution of linked "o";"19220205";1
Distribution of linked "o";"20131127";1
Distribution of linked "o";"19700526";1
Distribution of linked "o";"19560228";1
Distribution of linked "o";"19691206";1
Distribution of linked "o";"18961225";1
Distribution of linked "o";"19350504";1
Distribution of linked "o";"19940426";1
Distribution of linked "o";"16430203";1
Distribution of linked "o";"17250207";1
Distribution of linked "o";"17590226";1
Distribution of linked "o";"18270722";1
Distribution of linked "o";"Q704336";1
Distribution of linked "o";"Q896986";1
Distribution of linked "o";"18340222";1
Distribution of linked "o";"18820105";1
Distribution of linked "o";"19100218";1
Distribution of linked "o";"19990525";1
Distribution of linked "o";"18030228";1
Distribution of linked "o";"18821027";1
Distribution of linked "o";"19790217";1
Distribution of linked "o";"19220302";1
Distribution of linked "o";"20150711";1
Distribution of linked "o";"17550404";1
Distribution of linked "o";"17990817";1
Distribution of linked "o";"19150207";1
Distribution of linked "o";"19960928";1
Distribution of linked "o";"18510510";1
Distribution of linked "o";"19170831";1
Distribution of linked "o";"18980429";1
Distribution of linked "o";"18110723";1
Distribution of linked "o";"19060417";1
Distribution of linked "o";"19890715";1
Distribution of linked "o";"18721212";1
Distribution of linked "o";"19411029";1
Distribution of linked "o";"19941203";1
Distribution of linked "o";"19220209";1
Distribution of linked "o";"20050907";1
Distribution of linked "o";"19000624";1
Distribution of linked "o";"19450422";1
Distribution of linked "o";"20160105";1
Distribution of linked "o";"18951203";1
Distribution of linked "o";"19821202";1
Distribution of linked "o";"19620715";1
Distribution of linked "o";"19050605";1
Distribution of linked "o";"19671107";1
Distribution of linked "o";"18981006";1
Distribution of linked "o";"19631002";1
Distribution of linked "o";"19110722";1
Distribution of linked "o";"19030210";1
Distribution of linked "o";"18830930";1
Distribution of linked "o";"19500328";1
Distribution of linked "o";"19300718";1
Distribution of linked "o";"19390217";1
Distribution of linked "o";"19371102";1
Distribution of linked "o";"18980217";1
Distribution of linked "o";"19780812";1
Distribution of linked "o";"18430121";1
Distribution of linked "o";"18020111";1
Distribution of linked "o";"18780103";1
Distribution of linked "o";"18970417";1
Distribution of linked "o";"18380301";1
Distribution of linked "o";"18830520";1
Distribution of linked "o";"19641024";1
Distribution of linked "o";"18871005";1
Distribution of linked "o";"19281211";1
Distribution of linked "o";"18960219";1
Distribution of linked "o";"19670522";1
Distribution of linked "o";"18740220";1
Distribution of linked "o";"18760503";1
Distribution of linked "o";"19470511";1
Distribution of linked "o";"19381225";1
Distribution of linked "o";"20110512";1
Distribution of linked "o";"18261013";1
Distribution of linked "o";"18281013";1
Distribution of linked "o";"18280000";1
Distribution of linked "o";"18941016";1
Distribution of linked "o";"18940000";1
Distribution of linked "o";"18740910";1
Distribution of linked "o";"19520424";1
Distribution of linked "o";"17000605";1
Distribution of linked "o";"17280715";1
Distribution of linked "o";"18791212";1
Distribution of linked "o";"19160705";1
Distribution of linked "o";"18900605";1
Distribution of linked "o";"19520822";1
Distribution of linked "o";"20100408";1
Distribution of linked "o";"18391021";1
Distribution of linked "o";"19011023";1
Distribution of linked "o";"19270429";1
Distribution of linked "o";"19990615";1
Distribution of linked "o";"19561030";1
Distribution of linked "o";"19270617";1
Distribution of linked "o";"19520229";1
Distribution of linked "o";"18830806";1
Distribution of linked "o";"19591223";1
Distribution of linked "o";"19590724";1
Distribution of linked "o";"20001108";1
Distribution of linked "o";"15660418";1
Distribution of linked "o";"19091210";1
Distribution of linked "o";"19701101";1
Distribution of linked "o";"18970201";1
Distribution of linked "o";"19870308";1
Distribution of linked "o";"19400211";1
Distribution of linked "o";"19320625";1
Distribution of linked "o";"19671205";1
Distribution of linked "o";"18780717";1
Distribution of linked "o";"19600829";1
Distribution of linked "o";"Q5919784";1
Distribution of linked "o";"19050108";1
Distribution of linked "o";"15261130";1
Distribution of linked "o";"15611114";1
Distribution of linked "o";"18920424";1
Distribution of linked "o";"19140802";1
Distribution of linked "o";"19650412";1
Distribution of linked "o";"17690627";1
Distribution of linked "o";"18341027";1
Distribution of linked "o";"19601104";1
Distribution of linked "o";"Q11775089";1
Distribution of linked "o";"18981126";1
Distribution of linked "o";"Q475394";1
Distribution of linked "o";"18570906";1
Distribution of linked "o";"19420322";1
Distribution of linked "o";"19830603";1
Distribution of linked "o";"18610502";1
Distribution of linked "o";"19151229";1
Distribution of linked "o";"19601001";1
Distribution of linked "o";"18980827";1
Distribution of linked "o";"19810110";1
Distribution of linked "o";"18901210";1
Distribution of linked "o";"18720119";1
Distribution of linked "o";"19320203";1
Distribution of linked "o";"18841017";1
Distribution of linked "o";"19390725";1
Distribution of linked "o";"19591101";1
Distribution of linked "o";"20000329";1
Distribution of linked "o";"18111019";1
Distribution of linked "o";"18820201";1
Distribution of linked "o";"18250702";1
Distribution of linked "o";"18900122";1
Distribution of linked "o";"19270529";1
Distribution of linked "o";"20111228";1
Distribution of linked "o";"18120409";1
Distribution of linked "o";"18850416";1
Distribution of linked "o";"18670207";1
Distribution of linked "o";"19460302";1
Distribution of linked "o";"18730922";1
Distribution of linked "o";"19250506";1
Distribution of linked "o";"19690815";1
Distribution of linked "o";"18981216";1
Distribution of linked "o";"19430407";1
Distribution of linked "o";"18460702";1
Distribution of linked "o";"19160602";1
Distribution of linked "o";"19890831";1
Distribution of linked "o";"18470819";1
Distribution of linked "o";"18860508";1
Distribution of linked "o";"19010226";1
Distribution of linked "o";"19250629";1
Distribution of linked "o";"20091030";1
Distribution of linked "o";"17431223";1
Distribution of linked "o";"17431212";1
Distribution of linked "o";"18050510";1
Distribution of linked "o";"19040324";1
Distribution of linked "o";"19810717";1
Distribution of linked "o";"19251023";1
Distribution of linked "o";"19110314";1
Distribution of linked "o";"19840307";1
Distribution of linked "o";"18240313";1
Distribution of linked "o";"18941028";1
Distribution of linked "o";"18891108";1
Distribution of linked "o";"19510924";1
Distribution of linked "o";"18900814";1
Distribution of linked "o";"18650106";1
Distribution of linked "o";"19260523";1
Distribution of linked "o";"18540928";1
Distribution of linked "o";"19610721";1
Distribution of linked "o";"19031015";1
Distribution of linked "o";"18900531";1
Distribution of linked "o";"20060809";1
Distribution of linked "o";"18210612";1
Distribution of linked "o";"18771128";1
Distribution of linked "o";"19061027";1
Distribution of linked "o";"18380415";1
Distribution of linked "o";"19150517";1
Distribution of linked "o";"19351008";1
Distribution of linked "o";"17951216";1
Distribution of linked "o";"18160825";1
Distribution of linked "o";"18950813";1
Distribution of linked "o";"16430818";1
Distribution of linked "o";"17091014";1
Distribution of linked "o";"18341206";1
Distribution of linked "o";"19070614";1
Distribution of linked "o";"19020621";1
Distribution of linked "o";"19930513";1
Distribution of linked "o";"18810904";1
Distribution of linked "o";"19361023";1
Distribution of linked "o";"18981005";1
Distribution of linked "o";"19780417";1
Distribution of linked "o";"17750410";1
Distribution of linked "o";"18580518";1
Distribution of linked "o";"17140510";1
Distribution of linked "o";"17140512";1
Distribution of linked "o";"17921014";1
Distribution of linked "o";"17921013";1
Distribution of linked "o";"19900708";1
Distribution of linked "o";"16850614";1
Distribution of linked "o";"17670405";1
Distribution of linked "o";"19050805";1
Distribution of linked "o";"19420911";1
Distribution of linked "o";"19661111";1
Distribution of linked "o";"18750209";1
Distribution of linked "o";"19421030";1
Distribution of linked "o";"19361129";1
Distribution of linked "o";"18091109";1
Distribution of linked "o";"18530724";1
Distribution of linked "o";"17931207";1
Distribution of linked "o";"18920727";1
Distribution of linked "o";"19730913";1
Distribution of linked "o";"18990726";1
Distribution of linked "o";"18981210";1
Distribution of linked "o";"19450202";1
Distribution of linked "o";"19781008";1
Distribution of linked "o";"18190513";1
Distribution of linked "o";"18721009";1
Distribution of linked "o";"19480615";1
Distribution of linked "o";"18250331";1
Distribution of linked "o";"18970126";1
Distribution of linked "o";"19200915";1
Distribution of linked "o";"19420907";1
Distribution of linked "o";"13980101";1
Distribution of linked "o";"14690101";1
Distribution of linked "o";"18191110";1
Distribution of linked "o";"18700412";1
Distribution of linked "o";"18960312";1
Distribution of linked "o";"19641227";1
Distribution of linked "o";"19151018";1
Distribution of linked "o";"18690406";1
Distribution of linked "o";"19421019";1
Distribution of linked "o";"18850809";1
Distribution of linked "o";"19861013";1
Distribution of linked "o";"18680111";1
Distribution of linked "o";"19330418";1
Distribution of linked "o";"15840429";1
Distribution of linked "o";"16351201";1
Distribution of linked "o";"17950204";1
Distribution of linked "o";"18730223";1
Distribution of linked "o";"19160430";1
Distribution of linked "o";"19870208";1
Distribution of linked "o";"19370402";1
Distribution of linked "o";"19270326";1
Distribution of linked "o";"18760426";1
Distribution of linked "o";"19410515";1
Distribution of linked "o";"19440503";1
Distribution of linked "o";"19680314";1
Distribution of linked "o";"18060202";1
Distribution of linked "o";"18901109";1
Distribution of linked "o";"19300714";1
Distribution of linked "o";"19900709";1
Distribution of linked "o";"19100411";1
Distribution of linked "o";"18690219";1
Distribution of linked "o";"19400815";1
Distribution of linked "o";"18240419";1
Distribution of linked "o";"18960318";1
Distribution of linked "o";"19171221";1
Distribution of linked "o";"19830621";1
Distribution of linked "o";"14990331";1
Distribution of linked "o";"15370212";1
Distribution of linked "o";"19970121";1
Distribution of linked "o";"19170315";1
Distribution of linked "o";"19940923";1
Distribution of linked "o";"19071212";1
Distribution of linked "o";"18191015";1
Distribution of linked "o";"18820523";1
Distribution of linked "o";"19500920";1
Distribution of linked "o";"19900517";1
Distribution of linked "o";"19300409";1
Distribution of linked "o";"19651027";1
Distribution of linked "o";"Q627039";1
Distribution of linked "o";"19410207";1
Distribution of linked "o";"19250130";1
Distribution of linked "o";"20130702";1
Distribution of linked "o";"19440316";1
Distribution of linked "o";"19201217";1
Distribution of linked "o";"20041019";1
Distribution of linked "o";"19390924";1
Distribution of linked "o";"19600320";1
Distribution of linked "o";"19431223";1
Distribution of linked "o";"19650727";1
Distribution of linked "o";"19631219";1
Distribution of linked "o";"19530315";1
Distribution of linked "o";"19470625";1
Distribution of linked "o";"20020920";1
Distribution of linked "o";"19771128";1
Distribution of linked "o";"19490722";1
Distribution of linked "o";"19381216";1
Distribution of linked "o";"19501230";1
Distribution of linked "o";"20071120";1
Distribution of linked "o";"19580424";1
Distribution of linked "o";"19650414";1
Distribution of linked "o";"19431011";1
Distribution of linked "o";"19760626";1
Distribution of linked "o";"19440107";1
Distribution of linked "o";"19530321";1
Distribution of linked "o";"19330605";1
Distribution of linked "o";"20010117";1
Distribution of linked "o";"19850612";1
Distribution of linked "o";"19421122";1
Distribution of linked "o";"20150502";1
Distribution of linked "o";"19350516";1
Distribution of linked "o";"19371011";1
Distribution of linked "o";"19500720";1
Distribution of linked "o";"20101028";1
Distribution of linked "o";"20060316";1
Distribution of linked "o";"19700514";1
Distribution of linked "o";"19641001";1
Distribution of linked "o";"19370305";1
Distribution of linked "o";"19970528";1
Distribution of linked "o";"19510725";1
Distribution of linked "o";"19270308";1
Distribution of linked "o";"20060624";1
Distribution of linked "o";"19530421";1
Distribution of linked "o";"19471206";1
Distribution of linked "o";"19550000";1
Distribution of linked "o";"19610208";1
Distribution of linked "o";"19591023";1
Distribution of linked "o";"19660308";1
Distribution of linked "o";"19181221";1
Distribution of linked "o";"19800525";1
Distribution of linked "o";"20060526";1
Distribution of linked "o";"19200207";1
Distribution of linked "o";"19991017";1
Distribution of linked "o";"19371221";1
Distribution of linked "o";"19560925";1
Distribution of linked "o";"19560909";1
Distribution of linked "o";"19681103";1
Distribution of linked "o";"19481102";1
Distribution of linked "o";"19550902";1
Distribution of linked "o";"20140426";1
Distribution of linked "o";"19220108";1
Distribution of linked "o";"19450516";1
Distribution of linked "o";"19570601";1
Distribution of linked "o";"19490614";1
Distribution of linked "o";"19460420";1
Distribution of linked "o";"19560314";1
Distribution of linked "o";"19531124";1
Distribution of linked "o";"Q131566";1
Distribution of linked "o";"19360104";1
Distribution of linked "o";"Q858851";1
Distribution of linked "o";"19210315";1
Distribution of linked "o";"19980627";1
Distribution of linked "o";"19250213";1
Distribution of linked "o";"19540917";1
Distribution of linked "o";"19120704";1
Distribution of linked "o";"19841212";1
Distribution of linked "o";"19400820";1
Distribution of linked "o";"19300412";1
Distribution of linked "o";"20070318";1
Distribution of linked "o";"19161116";1
Distribution of linked "o";"19750518";1
Distribution of linked "o";"19580212";1
Distribution of linked "o";"19101214";1
Distribution of linked "o";"19930305";1
Distribution of linked "o";"19520629";1
Distribution of linked "o";"19740711";1
Distribution of linked "o";"19770216";1
Distribution of linked "o";"19660912";1
Distribution of linked "o";"19450930";1
Distribution of linked "o";"Q714661";1
Distribution of linked "o";"19740730";1
Distribution of linked "o";"18440318";1
Distribution of linked "o";"19080621";1
Distribution of linked "o";"18420730";1
Distribution of linked "o";"18730115";1
Distribution of linked "o";"19370628";1
Distribution of linked "o";"19770423";1
Distribution of linked "o";"14360101";1
Distribution of linked "o";"15050830";1
Distribution of linked "o";"17460920";1
Distribution of linked "o";"17860523";1
Distribution of linked "o";"18790709";1
Distribution of linked "o";"19600102";1
Distribution of linked "o";"Q6219860";1
Distribution of linked "o";"19460515";1
Distribution of linked "o";"19200522";1
Distribution of linked "o";"20040622";1
Distribution of linked "o";"19730730";1
Distribution of linked "o";"19110718";1
Distribution of linked "o";"18960613";1
Distribution of linked "o";"Q89518";1
Distribution of linked "o";"19050126";1
Distribution of linked "o";"19870328";1
Distribution of linked "o";"07890101";1
Distribution of linked "o";"Q1506842";1
Distribution of linked "o";"19100120";1
Distribution of linked "o";"19800103";1
Distribution of linked "o";"19361013";1
Distribution of linked "o";"19131204";1
Distribution of linked "o";"20070215";1
Distribution of linked "o";"19271006";1
Distribution of linked "o";"18100715";1
Distribution of linked "o";"18760724";1
Distribution of linked "o";"18931121";1
Distribution of linked "o";"18981227";1
Distribution of linked "o";"19601012";1
Distribution of linked "o";"15891007";1
Distribution of linked "o";"16311101";1
Distribution of linked "o";"20061231";1
Distribution of linked "o";"17860207";1
Distribution of linked "o";"17860101";1
Distribution of linked "o";"19910114";1
Distribution of linked "o";"17660704";1
Distribution of linked "o";"18281101";1
Distribution of linked "o";"19480308";1
Distribution of linked "o";"19600816";1
Distribution of linked "o";"18040304";1
Distribution of linked "o";"18680919";1
Distribution of linked "o";"Q48939";1
Distribution of linked "o";"19800826";1
Distribution of linked "o";"19670108";1
Distribution of linked "o";"19111019";1
Distribution of linked "o";"20090216";1
Distribution of linked "o";"Q1517076";1
Distribution of linked "o";"19870219";1
Distribution of linked "o";"19060203";1
Distribution of linked "o";"19980311";1
Distribution of linked "o";"19181117";1
Distribution of linked "o";"19160701";1
Distribution of linked "o";"19660502";1
Distribution of linked "o";"18980316";1
Distribution of linked "o";"19401123";1
Distribution of linked "o";"18160907";1
Distribution of linked "o";"18971230";1
Distribution of linked "o";"19421123";1
Distribution of linked "o";"Q5478987";1
Distribution of linked "o";"18990717";1
Distribution of linked "o";"19860330";1
Distribution of linked "o";"19440120";1
Distribution of linked "o";"18621211";1
Distribution of linked "o";"18681214";1
Distribution of linked "o";"19220424";1
Distribution of linked "o";"18520129";1
Distribution of linked "o";"19170710";1
Distribution of linked "o";"18701213";1
Distribution of linked "o";"19641109";1
Distribution of linked "o";"Q1456072";1
Distribution of linked "o";"19270311";1
Distribution of linked "o";"20151222";1
Distribution of linked "o";"19630418";1
Distribution of linked "o";"19720611";1
Distribution of linked "o";"18981016";1
Distribution of linked "o";"19840407";1
Distribution of linked "o";"19131012";1
Distribution of linked "o";"19140301";1
Distribution of linked "o";"20060607";1
Distribution of linked "o";"18431104";1
Distribution of linked "o";"19250429";1
Distribution of linked "o";"19770805";1
Distribution of linked "o";"20090800";1
Distribution of linked "o";"19000124";1
Distribution of linked "o";"20090706";1
Distribution of linked "o";"19340114";1
Distribution of linked "o";"18390624";1
Distribution of linked "o";"19020713";1
Distribution of linked "o";"19021112";1
Distribution of linked "o";"19981022";1
Distribution of linked "o";"18510703";1
Distribution of linked "o";"15511026";1
Distribution of linked "o";"16170930";1
Distribution of linked "o";"17931220";1
Distribution of linked "o";"18710503";1
Distribution of linked "o";"18500303";1
Distribution of linked "o";"19100910";1
Distribution of linked "o";"20141028";1
Distribution of linked "o";"19790111";1
Distribution of linked "o";"19771006";1
Distribution of linked "o";"19120520";1
Distribution of linked "o";"19870412";1
Distribution of linked "o";"Q983238";1
Distribution of linked "o";"19551014";1
Distribution of linked "o";"18870522";1
Distribution of linked "o";"19730829";1
Distribution of linked "o";"18851029";1
Distribution of linked "o";"19580327";1
Distribution of linked "o";"17190101";1
Distribution of linked "o";"19450114";1
Distribution of linked "o";"18430317";1
Distribution of linked "o";"18941129";1
Distribution of linked "o";"18930611";1
Distribution of linked "o";"19980904";1
Distribution of linked "o";"19431008";1
Distribution of linked "o";"19680414";1
Distribution of linked "o";"19120503";1
Distribution of linked "o";"19801016";1
Distribution of linked "o";"18900726";1
Distribution of linked "o";"18850531";1
Distribution of linked "o";"17660828";1
Distribution of linked "o";"19170220";1
Distribution of linked "o";"18840610";1
Distribution of linked "o";"10250000";1
Distribution of linked "o";"18460901";1
Distribution of linked "o";"19121018";1
Distribution of linked "o";"19300207";1
Distribution of linked "o";"19380726";1
Distribution of linked "o";"19440528";1
Distribution of linked "o";"19910124";1
Distribution of linked "o";"19060621";1
Distribution of linked "o";"Q1577104";1
Distribution of linked "o";"19650808";1
Distribution of linked "o";"18480630";1
Distribution of linked "o";"18890513";1
Distribution of linked "o";"19050802";1
Distribution of linked "o";"19180407";1
Distribution of linked "o";"20010726";1
Distribution of linked "o";"18161114";1
Distribution of linked "o";"18550415";1
Distribution of linked "o";"19121007";1
Distribution of linked "o";"18310319";1
Distribution of linked "o";"18851226";1
Distribution of linked "o";"17600626";1
Distribution of linked "o";"17990325";1
Distribution of linked "o";"19411021";1
Distribution of linked "o";"18740904";1
Distribution of linked "o";"19530921";1
Distribution of linked "o";"19390224";1
Distribution of linked "o";"19901231";1
Distribution of linked "o";"18050603";1
Distribution of linked "o";"18600811";1
Distribution of linked "o";"19230000";1
Distribution of linked "o";"18580423";1
Distribution of linked "o";"19220405";1
Distribution of linked "o";"19000321";1
Distribution of linked "o";"19530104";1
Distribution of linked "o";"19720928";1
Distribution of linked "o";"Q253561";1
Distribution of linked "o";"19480116";1
Distribution of linked "o";"19190721";1
Distribution of linked "o";"Q438472";1
Distribution of linked "o";"19020810";1
Distribution of linked "o";"19830612";1
Distribution of linked "o";"19520801";1
Distribution of linked "o";"Q190602";1
Distribution of linked "o";"19370330";1
Distribution of linked "o";"19100603";1
Distribution of linked "o";"19900423";1
Distribution of linked "o";"19420306";1
Distribution of linked "o";"19180809";1
Distribution of linked "o";"19831205";1
Distribution of linked "o";"19160919";1
Distribution of linked "o";"19871224";1
Distribution of linked "o";"19220000";1
Distribution of linked "o";"20141218";1
Distribution of linked "o";"18841219";1
Distribution of linked "o";"19681013";1
Distribution of linked "o";"19530518";1
Distribution of linked "o";"20111223";1
Distribution of linked "o";"19601017";1
Distribution of linked "o";"19900502";1
Distribution of linked "o";"19161024";1
Distribution of linked "o";"19621210";1
Distribution of linked "o";"14680101";1
Distribution of linked "o";"15321023";1
Distribution of linked "o";"15730121";1
Distribution of linked "o";"19210222";1
Distribution of linked "o";"20050207";1
Distribution of linked "o";"12710101";1
Distribution of linked "o";"12710501";1
Distribution of linked "o";"16300101";1
Distribution of linked "o";"19391213";1
Distribution of linked "o";"18180215";1
Distribution of linked "o";"18980520";1
Distribution of linked "o";"18430911";1
Distribution of linked "o";"19260404";1
Distribution of linked "o";"18520321";1
Distribution of linked "o";"19031207";1
Distribution of linked "o";"18380207";1
Distribution of linked "o";"18970223";1
Distribution of linked "o";"18430828";1
Distribution of linked "o";"19251227";1
Distribution of linked "o";"19511017";1
Distribution of linked "o";"18170713";1
Distribution of linked "o";"18790226";1
Distribution of linked "o";"17430525";1
Distribution of linked "o";"17990220";1
Distribution of linked "o";"19560225";1
Distribution of linked "o";"18350624";1
Distribution of linked "o";"19080220";1
Distribution of linked "o";"19801124";1
Distribution of linked "o";"19781225";1
Distribution of linked "o";"17640607";1
Distribution of linked "o";"17640707";1
Distribution of linked "o";"18350326";1
Distribution of linked "o";"Q2994538";1
Distribution of linked "o";"19270422";1
Distribution of linked "o";"19980213";1
Distribution of linked "o";"19650724";1
Distribution of linked "o";"17690302";1
Distribution of linked "o";"18030206";1
Distribution of linked "o";"18030216";1
Distribution of linked "o";"18790308";1
Distribution of linked "o";"19580604";1
Distribution of linked "o";"18800915";1
Distribution of linked "o";"19490728";1
Distribution of linked "o";"17941130";1
Distribution of linked "o";"18791213";1
Distribution of linked "o";"18770306";1
Distribution of linked "o";"19520704";1
Distribution of linked "o";"18380915";1
Distribution of linked "o";"19180804";1
Distribution of linked "o";"18040718";1
Distribution of linked "o";"18080708";1
Distribution of linked "o";"18840309";1
Distribution of linked "o";"16901201";1
Distribution of linked "o";"18091203";1
Distribution of linked "o";"18910609";1
Distribution of linked "o";"19240623";1
Distribution of linked "o";"19590316";1
Distribution of linked "o";"18180827";1
Distribution of linked "o";"19091105";1
Distribution of linked "o";"19300623";1
Distribution of linked "o";"20051215";1
Distribution of linked "o";"19680628";1
Distribution of linked "o";"19860928";1
Distribution of linked "o";"17981127";1
Distribution of linked "o";"18650407";1
Distribution of linked "o";"18341110";1
Distribution of linked "o";"19190904";1
Distribution of linked "o";"19830403";1
Distribution of linked "o";"18730502";1
Distribution of linked "o";"19540115";1
Distribution of linked "o";"19621111";1
Distribution of linked "o";"18030831";1
Distribution of linked "o";"18760826";1
Distribution of linked "o";"20050825";1
Distribution of linked "o";"19020829";1
Distribution of linked "o";"14870412";1
Distribution of linked "o";"14270101";1
Distribution of linked "o";"18741113";1
Distribution of linked "o";"19540807";1
Distribution of linked "o";"13180101";1
Distribution of linked "o";"19861002";1
Distribution of linked "o";"19430512";1
Distribution of linked "o";"20110117";1
Distribution of linked "o";"19110306";1
Distribution of linked "o";"19940504";1
Distribution of linked "o";"19440325";1
Distribution of linked "o";"18120131";1
Distribution of linked "o";"18800303";1
Distribution of linked "o";"19240128";1
Distribution of linked "o";"18900702";1
Distribution of linked "o";"19370216";1
Distribution of linked "o";"19760322";1
Distribution of linked "o";"19711104";1
Distribution of linked "o";"19261014";1
Distribution of linked "o";"20081203";1
Distribution of linked "o";"Q1743942";1
Distribution of linked "o";"18951227";1
Distribution of linked "o";"18951225";1
Distribution of linked "o";"19750817";1
Distribution of linked "o";"18471004";1
Distribution of linked "o";"19091005";1
Distribution of linked "o";"19700716";1
Distribution of linked "o";"17480103";1
Distribution of linked "o";"19560702";1
Distribution of linked "o";"18460127";1
Distribution of linked "o";"19161002";1
Distribution of linked "o";"19091116";1
Distribution of linked "o";"19071021";1
Distribution of linked "o";"19971226";1
Distribution of linked "o";"18481225";1
Distribution of linked "o";"19250817";1
Distribution of linked "o";"19451121";1
Distribution of linked "o";"20050303";1
Distribution of linked "o";"18940827";1
Distribution of linked "o";"19390905";1
Distribution of linked "o";"19110915";1
Distribution of linked "o";"19941207";1
Distribution of linked "o";"18980123";1
Distribution of linked "o";"17960311";1
Distribution of linked "o";"18640224";1
Distribution of linked "o";"19610828";1
Distribution of linked "o";"18591224";1
Distribution of linked "o";"19341015";1
Distribution of linked "o";"17520703";1
Distribution of linked "o";"18090502";1
Distribution of linked "o";"17750305";1
Distribution of linked "o";"18280712";1
Distribution of linked "o";"18430502";1
Distribution of linked "o";"19270128";1
Distribution of linked "o";"18960529";1
Distribution of linked "o";"19730930";1
Distribution of linked "o";"15530715";1
Distribution of linked "o";"16260917";1
Distribution of linked "o";"19711003";1
Distribution of linked "o";"20121211";1
Distribution of linked "o";"19211212";1
Distribution of linked "o";"19060917";1
Distribution of linked "o";"19001114";1
Distribution of linked "o";"19760529";1
Distribution of linked "o";"18910105";1
Distribution of linked "o";"19590426";1
Distribution of linked "o";"17240707";1
Distribution of linked "o";"18530201";1
Distribution of linked "o";"19080510";1
Distribution of linked "o";"19660322";1
Distribution of linked "o";"19851219";1
Distribution of linked "o";"Q73935";1
Distribution of linked "o";"20081106";1
Distribution of linked "o";"16890717";1
Distribution of linked "o";"17551021";1
Distribution of linked "o";"19840305";1
Distribution of linked "o";"15480806";1
Distribution of linked "o";"13620915";1
Distribution of linked "o";"19451028";1
Distribution of linked "o";"19890514";1
Distribution of linked "o";"19721020";1
Distribution of linked "o";"18390530";1
Distribution of linked "o";"19230324";1
Distribution of linked "o";"19230325";1
Distribution of linked "o";"18901022";1
Distribution of linked "o";"18861112";1
Distribution of linked "o";"19650120";1
Distribution of linked "o";"19310115";1
Distribution of linked "o";"19591118";1
Distribution of linked "o";"18251107";1
Distribution of linked "o";"19090220";1
Distribution of linked "o";"18820303";1
Distribution of linked "o";"18580130";1
Distribution of linked "o";"19430503";1
Distribution of linked "o";"19430504";1
Distribution of linked "o";"19140516";1
Distribution of linked "o";"19910506";1
Distribution of linked "o";"19111107";1
Distribution of linked "o";"19880124";1
Distribution of linked "o";"20101231";1
Distribution of linked "o";"18270912";1
Distribution of linked "o";"19030812";1
Distribution of linked "o";"17020214";1
Distribution of linked "o";"17680424";1
Distribution of linked "o";"19680228";1
Distribution of linked "o";"18040205";1
Distribution of linked "o";"19050314";1
Distribution of linked "o";"19340608";1
Distribution of linked "o";"18840501";1
Distribution of linked "o";"19470510";1
Distribution of linked "o";"16790815";1
Distribution of linked "o";"19741217";1
Distribution of linked "o";"18520403";1
Distribution of linked "o";"19210207";1
Distribution of linked "o";"18421012";1
Distribution of linked "o";"18470430";1
Distribution of linked "o";"19190729";1
Distribution of linked "o";"19800229";1
Distribution of linked "o";"13750101";1
Distribution of linked "o";"16431021";1
Distribution of linked "o";"16431121";1
Distribution of linked "o";"16880816";1
Distribution of linked "o";"16880806";1
Distribution of linked "o";"17370802";1
Distribution of linked "o";"19640828";1
Distribution of linked "o";"19841111";1
Distribution of linked "o";"17681124";1
Distribution of linked "o";"18240916";1
Distribution of linked "o";"16001214";1
Distribution of linked "o";"16730222";1
Distribution of linked "o";"18091108";1
Distribution of linked "o";"19371226";1
Distribution of linked "o";"19110410";1
Distribution of linked "o";"20040716";1
Distribution of linked "o";"19390328";1
Distribution of linked "o";"18711220";1
Distribution of linked "o";"19270603";1
Distribution of linked "o";"14890624";1
Distribution of linked "o";"15500512";1
Distribution of linked "o";"18800625";1
Distribution of linked "o";"19510830";1
Distribution of linked "o";"20020602";1
Distribution of linked "o";"19771206";1
Distribution of linked "o";"19440713";1
Distribution of linked "o";"19560630";1
Distribution of linked "o";"19860903";1
Distribution of linked "o";"Q153012";1
Distribution of linked "o";"19600222";1
Distribution of linked "o";"19300611";1
Distribution of linked "o";"19560324";1
Distribution of linked "o";"19850314";1
Distribution of linked "o";"17740925";1
Distribution of linked "o";"18340828";1
Distribution of linked "o";"18260906";1
Distribution of linked "o";"18991204";1
Distribution of linked "o";"19231008";1
Distribution of linked "o";"18890816";1
Distribution of linked "o";"19800225";1
Distribution of linked "o";"20131010";1
Distribution of linked "o";"19341128";1
Distribution of linked "o";"19570812";1
Distribution of linked "o";"19330309";1
Distribution of linked "o";"20130416";1
Distribution of linked "o";"18441223";1
Distribution of linked "o";"19280115";1
Distribution of linked "o";"19250511";1
Distribution of linked "o";"19720625";1
Distribution of linked "o";"17710403";1
Distribution of linked "o";"18380907";1
Distribution of linked "o";"18181002";1
Distribution of linked "o";"19020328";1
Distribution of linked "o";"17980215";1
Distribution of linked "o";"18670522";1
Distribution of linked "o";"18920216";1
Distribution of linked "o";"18510817";1
Distribution of linked "o";"19161228";1
Distribution of linked "o";"18171105";1
Distribution of linked "o";"19670809";1
Distribution of linked "o";"19841016";1
Distribution of linked "o";"15281102";1
Distribution of linked "o";"15601107";1
Distribution of linked "o";"18140602";1
Distribution of linked "o";"18801102";1
Distribution of linked "o";"17460926";1
Distribution of linked "o";"18160713";1
Distribution of linked "o";"18780507";1
Distribution of linked "o";"18780203";1
Distribution of linked "o";"18821018";1
Distribution of linked "o";"19621106";1
Distribution of linked "o";"19190430";1
Distribution of linked "o";"18881010";1
Distribution of linked "o";"19080824";1
Distribution of linked "o";"19361026";1
Distribution of linked "o";"18870311";1
Distribution of linked "o";"18920611";1
Distribution of linked "o";"12350806";1
Distribution of linked "o";"20071117";1
Distribution of linked "o";"18781224";1
Distribution of linked "o";"19550916";1
Distribution of linked "o";"19390828";1
Distribution of linked "o";"20160516";1
Distribution of linked "o";"19261019";1
Distribution of linked "o";"20090509";1
Distribution of linked "o";"18780708";1
Distribution of linked "o";"19450914";1
Distribution of linked "o";"10031224";1
Distribution of linked "o";"18660920";1
Distribution of linked "o";"18980814";1
Distribution of linked "o";"19670711";1
Distribution of linked "o";"16230826";1
Distribution of linked "o";"16880228";1
Distribution of linked "o";"19490508";1
Distribution of linked "o";"19740311";1
Distribution of linked "o";"18880906";1
Distribution of linked "o";"19620105";1
Distribution of linked "o";"19781104";1
Distribution of linked "o";"18401029";1
Distribution of linked "o";"19821216";1
Distribution of linked "o";"19250402";1
Distribution of linked "o";"19870210";1
Distribution of linked "o";"19200109";1
Distribution of linked "o";"20110604";1
Distribution of linked "o";"19780702";1
Distribution of linked "o";"19170928";1
Distribution of linked "o";"18711124";1
Distribution of linked "o";"19480928";1
Distribution of linked "o";"18290618";1
Distribution of linked "o";"18720420";1
Distribution of linked "o";"17171016";1
Distribution of linked "o";"17860519";1
Distribution of linked "o";"18670811";1
Distribution of linked "o";"19290822";1
Distribution of linked "o";"13260629";1
Distribution of linked "o";"13890628";1
Distribution of linked "o";"18360827";1
Distribution of linked "o";"18600319";1
Distribution of linked "o";"19760120";1
Distribution of linked "o";"18871118";1
Distribution of linked "o";"19360807";1
Distribution of linked "o";"19710903";1
Distribution of linked "o";"18500712";1
Distribution of linked "o";"18091016";1
Distribution of linked "o";"18930217";1
Distribution of linked "o";"19401203";1
Distribution of linked "o";"18721128";1
Distribution of linked "o";"19210201";1
Distribution of linked "o";"19990114";1
Distribution of linked "o";"18520112";1
Distribution of linked "o";"20160316";1
Distribution of linked "o";"18860108";1
Distribution of linked "o";"18270610";1
Distribution of linked "o";"19130515";1
Distribution of linked "o";"18030113";1
Distribution of linked "o";"18660907";1
Distribution of linked "o";"18660000";1
Distribution of linked "o";"Q180865";1
Distribution of linked "o";"19041104";1
Distribution of linked "o";"19761223";1
Distribution of linked "o";"19530924";1
Distribution of linked "o";"18020313";1
Distribution of linked "o";"18970409";1
Distribution of linked "o";"18270417";1
Distribution of linked "o";"18611104";1
Distribution of linked "o";"18270510";1
Distribution of linked "o";"18650413";1
Distribution of linked "o";"18780224";1
Distribution of linked "o";"17730308";1
Distribution of linked "o";"18480227";1
Distribution of linked "o";"18241122";1
Distribution of linked "o";"18620729";1
Distribution of linked "o";"18600705";1
Distribution of linked "o";"19141008";1
Distribution of linked "o";"18250717";1
Distribution of linked "o";"18860715";1
Distribution of linked "o";"18041118";1
Distribution of linked "o";"18780630";1
Distribution of linked "o";"18690625";1
Distribution of linked "o";"19430507";1
Distribution of linked "o";"18261025";1
Distribution of linked "o";"19090108";1
Distribution of linked "o";"18911109";1
Distribution of linked "o";"19520616";1
Distribution of linked "o";"17681229";1
Distribution of linked "o";"18321223";1
Distribution of linked "o";"17350413";1
Distribution of linked "o";"18021026";1
Distribution of linked "o";"19771230";1
Distribution of linked "o";"19960822";1
Distribution of linked "o";"19631005";1
Distribution of linked "o";"18720418";1
Distribution of linked "o";"18021108";1
Distribution of linked "o";"18061108";1
Distribution of linked "o";"15751128";1
Distribution of linked "o";"18370614";1
Distribution of linked "o";"18370714";1
Distribution of linked "o";"18980407";1
Distribution of linked "o";"19540627";1
Distribution of linked "o";"15150101";1
Distribution of linked "o";"17470317";1
Distribution of linked "o";"17950615";1
Distribution of linked "o";"17950626";1
Distribution of linked "o";"19730107";1
Distribution of linked "o";"16501216";1
Distribution of linked "o";"17340126";1
Distribution of linked "o";"18650420";1
Distribution of linked "o";"19500421";1
Distribution of linked "o";"17061118";1
Distribution of linked "o";"17910807";1
Distribution of linked "o";"19420221";1
Distribution of linked "o";"19810309";1
Distribution of linked "o";"16730119";1
Distribution of linked "o";"17290325";1
Distribution of linked "o";"20141227";1
Distribution of linked "o";"19251224";1
Distribution of linked "o";"18970301";1
Distribution of linked "o";"18521005";1
Distribution of linked "o";"18901011";1
Distribution of linked "o";"19391217";1
Distribution of linked "o";"18660901";1
Distribution of linked "o";"19470916";1
Distribution of linked "o";"18810831";1
Distribution of linked "o";"19700913";1
Distribution of linked "o";"19280117";1
Distribution of linked "o";"17871031";1
Distribution of linked "o";"18410702";1
Distribution of linked "o";"19020508";1
Distribution of linked "o";"19790801";1
Distribution of linked "o";"19680214";1
Distribution of linked "o";"11560101";1
Distribution of linked "o";"10980101";1
Distribution of linked "o";"19860108";1
Distribution of linked "o";"18470723";1
Distribution of linked "o";"14710908";1
Distribution of linked "o";"15000217";1
Distribution of linked "o";"18920108";1
Distribution of linked "o";"11510627";1
Distribution of linked "o";"11050101";1
Distribution of linked "o";"19280411";1
Distribution of linked "o";"18611002";1
Distribution of linked "o";"19391014";1
Distribution of linked "o";"17870921";1
Distribution of linked "o";"18680821";1
Distribution of linked "o";"18460904";1
Distribution of linked "o";"19070604";1
Distribution of linked "o";"18330610";1
Distribution of linked "o";"19180512";1
Distribution of linked "o";"17950813";1
Distribution of linked "o";"18741020";1
Distribution of linked "o";"19530610";1
Distribution of linked "o";"18290401";1
Distribution of linked "o";"19050424";1
Distribution of linked "o";"19471113";1
Distribution of linked "o";"16480914";1
Distribution of linked "o";"17150127";1
Distribution of linked "o";"17150121";1
Distribution of linked "o";"19900127";1
Distribution of linked "o";"18451117";1
Distribution of linked "o";"19190121";1
Distribution of linked "o";"17260405";1
Distribution of linked "o";"18311108";1
Distribution of linked "o";"19070922";1
Distribution of linked "o";"19820615";1
Distribution of linked "o";"Q666024";1
Distribution of linked "o";"19801026";1
Distribution of linked "o";"19680918";1
Distribution of linked "o";"20101004";1
Distribution of linked "o";"19280126";1
Distribution of linked "o";"18260801";1
Distribution of linked "o";"19010731";1
Distribution of linked "o";"15471110";1
Distribution of linked "o";"16060302";1
Distribution of linked "o";"19110822";1
Distribution of linked "o";"18480206";1
Distribution of linked "o";"18360323";1
Distribution of linked "o";"18980216";1
Distribution of linked "o";"20110116";1
Distribution of linked "o";"18171212";1
Distribution of linked "o";"18930702";1
Distribution of linked "o";"17500101";1
Distribution of linked "o";"18280323";1
Distribution of linked "o";"14780000";1
Distribution of linked "o";"15280607";1
Distribution of linked "o";"16040216";1
Distribution of linked "o";"18970528";1
Distribution of linked "o";"19720401";1
Distribution of linked "o";"19040515";1
Distribution of linked "o";"18360314";1
Distribution of linked "o";"19100113";1
Distribution of linked "o";"18521218";1
Distribution of linked "o";"19380210";1
Distribution of linked "o";"19720118";1
Distribution of linked "o";"18560116";1
Distribution of linked "o";"18710719";1
Distribution of linked "o";"19480105";1
Distribution of linked "o";"18560217";1
Distribution of linked "o";"19450724";1
Distribution of linked "o";"18550409";1
Distribution of linked "o";"19350114";1
Distribution of linked "o";"19181217";1
Distribution of linked "o";"19330807";1
Distribution of linked "o";"18210915";1
Distribution of linked "o";"18890527";1
Distribution of linked "o";"18760523";1
Distribution of linked "o";"19270504";1
Distribution of linked "o";"18161108";1
Distribution of linked "o";"18920205";1
Distribution of linked "o";"19240519";1
Distribution of linked "o";"19440111";1
Distribution of linked "o";"19930303";1
Distribution of linked "o";"18850519";1
Distribution of linked "o";"18460415";1
Distribution of linked "o";"19680308";1
Distribution of linked "o";"17750928";1
Distribution of linked "o";"18550914";1
Distribution of linked "o";"18190301";1
Distribution of linked "o";"18230930";1
Distribution of linked "o";"19090321";1
Distribution of linked "o";"18980504";1
Distribution of linked "o";"18040222";1
Distribution of linked "o";"18721201";1
Distribution of linked "o";"18920819";1
Distribution of linked "o";"19110228";1
Distribution of linked "o";"Q65693";1
Distribution of linked "o";"19771010";1
Distribution of linked "o";"19911212";1
Distribution of linked "o";"18220328";1
Distribution of linked "o";"18880106";1
Distribution of linked "o";"19781120";1
Distribution of linked "o";"14630929";1
Distribution of linked "o";"15230328";1
Distribution of linked "o";"19590128";1
Distribution of linked "o";"16270605";1
Distribution of linked "o";"19440112";1
Distribution of linked "o";"19870819";1
Distribution of linked "o";"19000328";1
Distribution of linked "o";"19440609";1
Distribution of linked "o";"19940125";1
Distribution of linked "o";"17491123";1
Distribution of linked "o";"18281017";1
Distribution of linked "o";"18751020";1
Distribution of linked "o";"17580623";1
Distribution of linked "o";"18170506";1
Distribution of linked "o";"18580917";1
Distribution of linked "o";"19411118";1
Distribution of linked "o";"18211118";1
Distribution of linked "o";"18910820";1
Distribution of linked "o";"18870208";1
Distribution of linked "o";"19550825";1
Distribution of linked "o";"18950521";1
Distribution of linked "o";"18890729";1
Distribution of linked "o";"19450408";1
Distribution of linked "o";"19310206";1
Distribution of linked "o";"20120406";1
Distribution of linked "o";"18980818";1
Distribution of linked "o";"19950217";1
Distribution of linked "o";"20000523";1
Distribution of linked "o";"19040325";1
Distribution of linked "o";"19880702";1
Distribution of linked "o";"18700110";1
Distribution of linked "o";"19651103";1
Distribution of linked "o";"12370000";1
Distribution of linked "o";"19400809";1
Distribution of linked "o";"19220701";1
Distribution of linked "o";"18830724";1
Distribution of linked "o";"19200808";1
Distribution of linked "o";"19320419";1
Distribution of linked "o";"19051208";1
Distribution of linked "o";"19881008";1
Distribution of linked "o";"Q96655";1
Distribution of linked "o";"19430510";1
Distribution of linked "o";"19251221";1
Distribution of linked "o";"18121230";1
Distribution of linked "o";"18700428";1
Distribution of linked "o";"Q22981816";1
Distribution of linked "o";"19870419";1
Distribution of linked "o";"19150910";1
Distribution of linked "o";"19851005";1
Distribution of linked "o";"18541217";1
Distribution of linked "o";"19190508";1
Distribution of linked "o";"20150406";1
Distribution of linked "o";"16400602";1
Distribution of linked "o";"18780330";1
Distribution of linked "o";"19590228";1
Distribution of linked "o";"19900112";1
Distribution of linked "o";"19800715";1
Distribution of linked "o";"18861025";1
Distribution of linked "o";"19160306";1
Distribution of linked "o";"19920215";1
Distribution of linked "o";"14280208";1
Distribution of linked "o";"17910924";1
Distribution of linked "o";"18681108";1
Distribution of linked "o";"18580827";1
Distribution of linked "o";"19080619";1
Distribution of linked "o";"18950118";1
Distribution of linked "o";"18010626";1
Distribution of linked "o";"18870711";1
Distribution of linked "o";"19260701";1
Distribution of linked "o";"17500707";1
Distribution of linked "o";"17830203";1
Distribution of linked "o";"16760101";1
Distribution of linked "o";"18820813";1
Distribution of linked "o";"19210523";1
Distribution of linked "o";"19721003";1
Distribution of linked "o";"19780705";1
Distribution of linked "o";"19590908";1
Distribution of linked "o";"19111201";1
Distribution of linked "o";"19611012";1
Distribution of linked "o";"18970515";1
Distribution of linked "o";"19610403";1
Distribution of linked "o";"18780105";1
Distribution of linked "o";"19500418";1
Distribution of linked "o";"17621018";1
Distribution of linked "o";"18320328";1
Distribution of linked "o";"19780725";1
Distribution of linked "o";"19210606";1
Distribution of linked "o";"20110815";1
Distribution of linked "o";"19650305";1
Distribution of linked "o";"18921129";1
Distribution of linked "o";"19781215";1
Distribution of linked "o";"19720808";1
Distribution of linked "o";"17890831";1
Distribution of linked "o";"18441116";1
Distribution of linked "o";"19831126";1
Distribution of linked "o";"19830625";1
Distribution of linked "o";"18550312";1
Distribution of linked "o";"20100621";1
Distribution of linked "o";"18861015";1
Distribution of linked "o";"19330327";1
Distribution of linked "o";"18470225";1
Distribution of linked "o";"19181201";1
Distribution of linked "o";"18800607";1
Distribution of linked "o";"19530212";1
Distribution of linked "o";"19310630";1
Distribution of linked "o";"20071031";1
Distribution of linked "o";"18510403";1
Distribution of linked "o";"19420811";1
Distribution of linked "o";"18821030";1
Distribution of linked "o";"18961117";1
Distribution of linked "o";"17671105";1
Distribution of linked "o";"18410214";1
Distribution of linked "o";"18770327";1
Distribution of linked "o";"19520426";1
Distribution of linked "o";"19411213";1
Distribution of linked "o";"19710102";1
Distribution of linked "o";"19970116";1
Distribution of linked "o";"19480917";1
Distribution of linked "o";"19650407";1
Distribution of linked "o";"18890419";1
Distribution of linked "o";"19640427";1
Distribution of linked "o";"19090618";1
Distribution of linked "o";"19240215";1
Distribution of linked "o";"19250215";1
Distribution of linked "o";"18030608";1
Distribution of linked "o";"18690126";1
Distribution of linked "o";"19600304";1
Distribution of linked "o";"18710217";1
Distribution of linked "o";"19460406";1
Distribution of linked "o";"19581111";1
Distribution of linked "o";"19650623";1
Distribution of linked "o";"19771222";1
Distribution of linked "o";"20091026";1
Distribution of linked "o";"18990625";1
Distribution of linked "o";"19750724";1
Distribution of linked "o";"19110405";1
Distribution of linked "o";"19200411";1
Distribution of linked "o";"19780409";1
Distribution of linked "o";"18991002";1
Distribution of linked "o";"19710721";1
Distribution of linked "o";"18821203";1
Distribution of linked "o";"19600525";1
Distribution of linked "o";"16831112";1
Distribution of linked "o";"17490209";1
Distribution of linked "o";"17991227";1
Distribution of linked "o";"19500801";1
Distribution of linked "o";"Q1342899";1
Distribution of linked "o";"20140316";1
Distribution of linked "o";"19210515";1
Distribution of linked "o";"18560706";1
Distribution of linked "o";"19110309";1
Distribution of linked "o";"18720429";1
Distribution of linked "o";"19280831";1
Distribution of linked "o";"18000228";1
Distribution of linked "o";"18850501";1
Distribution of linked "o";"18220509";1
Distribution of linked "o";"19601008";1
Distribution of linked "o";"17740610";1
Distribution of linked "o";"19400209";1
Distribution of linked "o";"18851116";1
Distribution of linked "o";"19141015";1
Distribution of linked "o";"17870609";1
Distribution of linked "o";"18520310";1
Distribution of linked "o";"19261128";1
Distribution of linked "o";"17710423";1
Distribution of linked "o";"19000716";1
Distribution of linked "o";"19220415";1
Distribution of linked "o";"15370905";1
Distribution of linked "o";"19371018";1
Distribution of linked "o";"20060926";1
Distribution of linked "o";"19040409";1
Distribution of linked "o";"19500205";1
Distribution of linked "o";"19580107";1
Distribution of linked "o";"18311205";1
Distribution of linked "o";"18851215";1
Distribution of linked "o";"19630305";1
Distribution of linked "o";"19150604";1
Distribution of linked "o";"19790916";1
Distribution of linked "o";"16351215";1
Distribution of linked "o";"16970919";1
Distribution of linked "o";"20140224";1
Distribution of linked "o";"19271124";1
Distribution of linked "o";"19790524";1
Distribution of linked "o";"19481001";1
Distribution of linked "o";"18021219";1
Distribution of linked "o";"18571212";1
Distribution of linked "o";"19290613";1
Distribution of linked "o";"18220130";1
Distribution of linked "o";"17830801";1
Distribution of linked "o";"18540926";1
Distribution of linked "o";"17830612";1
Distribution of linked "o";"18521024";1
Distribution of linked "o";"18640803";1
Distribution of linked "o";"18320429";1
Distribution of linked "o";"19090422";1
Distribution of linked "o";"18430525";1
Distribution of linked "o";"19020117";1
Distribution of linked "o";"18910226";1
Distribution of linked "o";"19800315";1
Distribution of linked "o";"17861207";1
Distribution of linked "o";"18521224";1
Distribution of linked "o";"19060629";1
Distribution of linked "o";"19660624";1
Distribution of linked "o";"18910313";1
Distribution of linked "o";"19490220";1
Distribution of linked "o";"19590410";1
Distribution of linked "o";"15820101";1
Distribution of linked "o";"19280528";1
Distribution of linked "o";"19280523";1
Distribution of linked "o";"20091201";1
Distribution of linked "o";"19420602";1
Distribution of linked "o";"18820918";1
Distribution of linked "o";"18951009";1
Distribution of linked "o";"19670423";1
Distribution of linked "o";"19320402";1
Distribution of linked "o";"19091002";1
Distribution of linked "o";"19880303";1
Distribution of linked "o";"19730312";1
Distribution of linked "o";"10230101";1
Distribution of linked "o";"18040415";1
Distribution of linked "o";"18760107";1
Distribution of linked "o";"19210907";1
Distribution of linked "o";"20070303";1
Distribution of linked "o";"19420530";1
Distribution of linked "o";"19800722";1
Distribution of linked "o";"17530610";1
Distribution of linked "o";"19551225";1
Distribution of linked "o";"18920225";1
Distribution of linked "o";"19411018";1
Distribution of linked "o";"18980330";1
Distribution of linked "o";"19580111";1
Distribution of linked "o";"19200521";1
Distribution of linked "o";"16860327";1
Distribution of linked "o";"17720117";1
Distribution of linked "o";"19260308";1
Distribution of linked "o";"19030322";1
Distribution of linked "o";"19670611";1
Distribution of linked "o";"18981203";1
Distribution of linked "o";"19810604";1
Distribution of linked "o";"18930922";1
Distribution of linked "o";"19431119";1
Distribution of linked "o";"18320305";1
Distribution of linked "o";"19240308";1
Distribution of linked "o";"19790120";1
Distribution of linked "o";"18590210";1
Distribution of linked "o";"18961115";1
Distribution of linked "o";"18740221";1
Distribution of linked "o";"19410708";1
Distribution of linked "o";"18450716";1
Distribution of linked "o";"18540922";1
Distribution of linked "o";"19250613";1
Distribution of linked "o";"20080825";1
Distribution of linked "o";"19920307";1
Distribution of linked "o";"18920709";1
Distribution of linked "o";"18980809";1
Distribution of linked "o";"19280810";1
Distribution of linked "o";"20130110";1
Distribution of linked "o";"19410607";1
Distribution of linked "o";"16470117";1
Distribution of linked "o";"17070831";1
Distribution of linked "o";"18360526";1
Distribution of linked "o";"19450222";1
Distribution of linked "o";"17360603";1
Distribution of linked "o";"16870915";1
Distribution of linked "o";"18800718";1
Distribution of linked "o";"19540221";1
Distribution of linked "o";"18120720";1
Distribution of linked "o";"18900311";1
Distribution of linked "o";"17350803";1
Distribution of linked "o";"17961218";1
Distribution of linked "o";"18750910";1
Distribution of linked "o";"19370311";1
Distribution of linked "o";"19360311";1
Distribution of linked "o";"17931018";1
Distribution of linked "o";"18651031";1
Distribution of linked "o";"19130129";1
Distribution of linked "o";"18850526";1
Distribution of linked "o";"19720507";1
Distribution of linked "o";"18450624";1
Distribution of linked "o";"19200721";1
Distribution of linked "o";"18831214";1
Distribution of linked "o";"19440307";1
Distribution of linked "o";"18851211";1
Distribution of linked "o";"18521117";1
Distribution of linked "o";"19231025";1
Distribution of linked "o";"19130820";1
Distribution of linked "o";"19600630";1
Distribution of linked "o";"18560413";1
Distribution of linked "o";"19151210";1
Distribution of linked "o";"18140206";1
Distribution of linked "o";"18641110";1
Distribution of linked "o";"18861017";1
Distribution of linked "o";"19280726";1
Distribution of linked "o";"20030828";1
Distribution of linked "o";"17840217";1
Distribution of linked "o";"18641126";1
Distribution of linked "o";"18641129";1
Distribution of linked "o";"18920402";1
Distribution of linked "o";"18060608";1
Distribution of linked "o";"18740802";1
Distribution of linked "o";"19120118";1
Distribution of linked "o";"19980105";1
Distribution of linked "o";"18870710";1
Distribution of linked "o";"19300202";1
Distribution of linked "o";"19380508";1
Distribution of linked "o";"16820228";1
Distribution of linked "o";"17500205";1
Distribution of linked "o";"09660211";1
Distribution of linked "o";"17511008";1
Distribution of linked "o";"18021230";1
Distribution of linked "o";"18530405";1
Distribution of linked "o";"Q850730";1
Distribution of linked "o";"16991118";1
Distribution of linked "o";"17791018";1
Distribution of linked "o";"16510609";1
Distribution of linked "o";"15430101";1
Distribution of linked "o";"19100720";1
Distribution of linked "o";"19100712";1
Distribution of linked "o";"19800921";1
Distribution of linked "o";"13820000";1
Distribution of linked "o";"18550509";1
Distribution of linked "o";"19280427";1
Distribution of linked "o";"18980826";1
Distribution of linked "o";"19690823";1
Distribution of linked "o";"20150601";1
Distribution of linked "o";"19910304";1
Distribution of linked "o";"19690426";1
Distribution of linked "o";"18960716";1
Distribution of linked "o";"19951002";1
Distribution of linked "o";"20140108";1
Distribution of linked "o";"18550621";1
Distribution of linked "o";"19300102";1
Distribution of linked "o";"19431117";1
Distribution of linked "o";"18640412";1
Distribution of linked "o";"19500817";1
Distribution of linked "o";"19251228";1
Distribution of linked "o";"20141101";1
Distribution of linked "o";"19720210";1
Distribution of linked "o";"15160411";1
Distribution of linked "o";"18681029";1
Distribution of linked "o";"20130101";1
Distribution of linked "o";"17650423";1
Distribution of linked "o";"18151028";1
Distribution of linked "o";"19891112";1
Distribution of linked "o";"19401114";1
Distribution of linked "o";"20071027";1
Distribution of linked "o";"18210724";1
Distribution of linked "o";"18661004";1
Distribution of linked "o";"15900422";1
Distribution of linked "o";"19711123";1
Distribution of linked "o";"19910528";1
Distribution of linked "o";"19581010";1
Distribution of linked "o";"19410519";1
Distribution of linked "o";"19251230";1
Distribution of linked "o";"20051122";1
Distribution of linked "o";"19291123";1
Distribution of linked "o";"20040521";1
Distribution of linked "o";"15351021";1
Distribution of linked "o";"18000828";1
Distribution of linked "o";"18980513";1
Distribution of linked "o";"18850704";1
Distribution of linked "o";"19780117";1
Distribution of linked "o";"19050203";1
Distribution of linked "o";"18510311";1
Distribution of linked "o";"19231028";1
Distribution of linked "o";"18600920";1
Distribution of linked "o";"18670130";1
Distribution of linked "o";"18380619";1
Distribution of linked "o";"18490726";1
Distribution of linked "o";"19191018";1
Distribution of linked "o";"18770817";1
Distribution of linked "o";"19550812";1
Distribution of linked "o";"18571201";1
Distribution of linked "o";"19180311";1
Distribution of linked "o";"18240117";1
Distribution of linked "o";"18971122";1
Distribution of linked "o";"18241002";1
Distribution of linked "o";"18421025";1
Distribution of linked "o";"19050303";1
Distribution of linked "o";"18520318";1
Distribution of linked "o";"19761114";1
Distribution of linked "o";"18960308";1
Distribution of linked "o";"19520913";1
Distribution of linked "o";"19190425";1
Distribution of linked "o";"19230304";1
Distribution of linked "o";"20090217";1
Distribution of linked "o";"18290816";1
Distribution of linked "o";"19010622";1
Distribution of linked "o";"19130313";1
Distribution of linked "o";"19670503";1
Distribution of linked "o";"19290623";1
Distribution of linked "o";"19400808";1
Distribution of linked "o";"19000814";1
Distribution of linked "o";"18530420";1
Distribution of linked "o";"19840623";1
Distribution of linked "o";"20000412";1
Distribution of linked "o";"17540913";1
Distribution of linked "o";"16181112";1
Distribution of linked "o";"16180812";1
Distribution of linked "o";"16900905";1
Distribution of linked "o";"19091101";1
Distribution of linked "o";"19440605";1
Distribution of linked "o";"19410707";1
Distribution of linked "o";"17891011";1
Distribution of linked "o";"18520915";1
Distribution of linked "o";"18860807";1
Distribution of linked "o";"19631221";1
Distribution of linked "o";"19740922";1
Distribution of linked "o";"20100105";1
Distribution of linked "o";"19020521";1
Distribution of linked "o";"18840112";1
Distribution of linked "o";"18780301";1
Distribution of linked "o";"19750125";1
Distribution of linked "o";"18040522";1
Distribution of linked "o";"18720804";1
Distribution of linked "o";"19310519";1
Distribution of linked "o";"19080122";1
Distribution of linked "o";"19841119";1
Distribution of linked "o";"19180111";1
Distribution of linked "o";"19770125";1
Distribution of linked "o";"15560408";1
Distribution of linked "o";"16171019";1
Distribution of linked "o";"19370816";1
Distribution of linked "o";"18921113";1
Distribution of linked "o";"19640509";1
Distribution of linked "o";"19580412";1
Distribution of linked "o";"18660627";1
Distribution of linked "o";"19200726";1
Distribution of linked "o";"19500908";1
Distribution of linked "o";"19590808";1
Distribution of linked "o";"19700406";1
Distribution of linked "o";"19020726";1
Distribution of linked "o";"18700701";1
Distribution of linked "o";"19321123";1
Distribution of linked "o";"19621101";1
Distribution of linked "o";"18730320";1
Distribution of linked "o";"19440826";1
Distribution of linked "o";"19281004";1
Distribution of linked "o";"20031215";1
Distribution of linked "o";"18270601";1
Distribution of linked "o";"19300206";1
Distribution of linked "o";"19220513";1
Distribution of linked "o";"19820410";1
Distribution of linked "o";"18541126";1
Distribution of linked "o";"18970124";1
Distribution of linked "o";"17480713";1
Distribution of linked "o";"18280218";1
Distribution of linked "o";"18041105";1
Distribution of linked "o";"18890204";1
Distribution of linked "o";"19440919";1
Distribution of linked "o";"19920702";1
Distribution of linked "o";"19450711";1
Distribution of linked "o";"20010426";1
Distribution of linked "o";"19401115";1
Distribution of linked "o";"20160506";1
Distribution of linked "o";"19690219";1
Distribution of linked "o";"19041025";1
Distribution of linked "o";"19720819";1
Distribution of linked "o";"18561008";1
Distribution of linked "o";"19410516";1
Distribution of linked "o";"18930322";1
Distribution of linked "o";"19301204";1
Distribution of linked "o";"17860803";1
Distribution of linked "o";"18450114";1
Distribution of linked "o";"19620804";1
Distribution of linked "o";"19590605";1
Distribution of linked "o";"19001016";1
Distribution of linked "o";"19710316";1
Distribution of linked "o";"19390814";1
Distribution of linked "o";"18690729";1
Distribution of linked "o";"19500803";1
Distribution of linked "o";"18771022";1
Distribution of linked "o";"19111226";1
Distribution of linked "o";"19990104";1
Distribution of linked "o";"20030807";1
Distribution of linked "o";"18790228";1
Distribution of linked "o";"19440612";1
Distribution of linked "o";"19070107";1
Distribution of linked "o";"19931120";1
Distribution of linked "o";"19950531";1
Distribution of linked "o";"19700421";1
Distribution of linked "o";"19100711";1
Distribution of linked "o";"20030803";1
Distribution of linked "o";"18410916";1
Distribution of linked "o";"18981110";1
Distribution of linked "o";"19720506";1
Distribution of linked "o";"16650726";1
Distribution of linked "o";"17431026";1
Distribution of linked "o";"18430117";1
Distribution of linked "o";"19021218";1
Distribution of linked "o";"18470318";1
Distribution of linked "o";"19321126";1
Distribution of linked "o";"18310407";1
Distribution of linked "o";"17960806";1
Distribution of linked "o";"18571007";1
Distribution of linked "o";"18810126";1
Distribution of linked "o";"18650221";1
Distribution of linked "o";"19350312";1
Distribution of linked "o";"18370424";1
Distribution of linked "o";"18210303";1
Distribution of linked "o";"19480212";1
Distribution of linked "o";"20130817";1
Distribution of linked "o";"19270104";1
Distribution of linked "o";"18990721";1
Distribution of linked "o";"15210812";1
Distribution of linked "o";"16000522";1
Distribution of linked "o";"15720127";1
Distribution of linked "o";"19340806";1
Distribution of linked "o";"18871205";1
Distribution of linked "o";"19680506";1
Distribution of linked "o";"17640821";1
Distribution of linked "o";"18560517";1
Distribution of linked "o";"12250000";1
Distribution of linked "o";"19010908";1
Distribution of linked "o";"19860920";1
Distribution of linked "o";"11670000";1
Distribution of linked "o";"17961209";1
Distribution of linked "o";"18570801";1
Distribution of linked "o";"19120810";1
Distribution of linked "o";"19601010";1
Distribution of linked "o";"18750213";1
Distribution of linked "o";"19190114";1
Distribution of linked "o";"18721029";1
Distribution of linked "o";"19660222";1
Distribution of linked "o";"19051027";1
Distribution of linked "o";"19780503";1
Distribution of linked "o";"19411203";1
Distribution of linked "o";"17630418";1
Distribution of linked "o";"18420807";1
Distribution of linked "o";"18410224";1
Distribution of linked "o";"17890220";1
Distribution of linked "o";"18300724";1
Distribution of linked "o";"18380508";1
Distribution of linked "o";"19090910";1
Distribution of linked "o";"19770110";1
Distribution of linked "o";"19000501";1
Distribution of linked "o";"18360307";1
Distribution of linked "o";"19121029";1
Distribution of linked "o";"18400811";1
Distribution of linked "o";"18981106";1
Distribution of linked "o";"17910216";1
Distribution of linked "o";"17910207";1
Distribution of linked "o";"18550918";1
Distribution of linked "o";"18550919";1
Distribution of linked "o";"19151211";1
Distribution of linked "o";"19960107";1
Distribution of linked "o";"18680205";1
Distribution of linked "o";"19420917";1
Distribution of linked "o";"19380602";1
Distribution of linked "o";"19140622";1
Distribution of linked "o";"19990826";1
Distribution of linked "o";"19290815";1
Distribution of linked "o";"18440104";1
Distribution of linked "o";"19900205";1
Distribution of linked "o";"18990521";1
Distribution of linked "o";"19870116";1
Distribution of linked "o";"20051113";1
Distribution of linked "o";"18611129";1
Distribution of linked "o";"19041011";1
Distribution of linked "o";"19671011";1
Distribution of linked "o";"18811016";1
Distribution of linked "o";"19810121";1
Distribution of linked "o";"18180425";1
Distribution of linked "o";"18630418";1
Distribution of linked "o";"19191116";1
Distribution of linked "o";"20090328";1
Distribution of linked "o";"19240418";1
Distribution of linked "o";"18530806";1
Distribution of linked "o";"19320713";1
Distribution of linked "o";"19680609";1
Distribution of linked "o";"19080206";1
Distribution of linked "o";"19650326";1
Distribution of linked "o";"19200519";1
Distribution of linked "o";"20021003";1
Distribution of linked "o";"19760410";1
Distribution of linked "o";"19221017";1
Distribution of linked "o";"19190518";1
Distribution of linked "o";"20010529";1
Distribution of linked "o";"19611202";1
Distribution of linked "o";"19210924";1
Distribution of linked "o";"19070828";1
Distribution of linked "o";"19960130";1
Distribution of linked "o";"19110617";1
Distribution of linked "o";"19140205";1
Distribution of linked "o";"19820409";1
Distribution of linked "o";"18810401";1
Distribution of linked "o";"19421207";1
Distribution of linked "o";"19471108";1
Distribution of linked "o";"19970924";1
Distribution of linked "o";"19250126";1
Distribution of linked "o";"19940828";1
Distribution of linked "o";"19291004";1
Distribution of linked "o";"19530729";1
Distribution of linked "o";"19830216";1
Distribution of linked "o";"19080307";1
Distribution of linked "o";"19450523";1
Distribution of linked "o";"18861021";1
Distribution of linked "o";"19650507";1
Distribution of linked "o";"18390201";1
Distribution of linked "o";"19691016";1
Distribution of linked "o";"19110910";1
Distribution of linked "o";"17590901";1
Distribution of linked "o";"18400516";1
Distribution of linked "o";"19420708";1
Distribution of linked "o";"19870315";1
Distribution of linked "o";"12620814";1
Distribution of linked "o";"19050217";1
Distribution of linked "o";"19951103";1
Distribution of linked "o";"18730205";1
Distribution of linked "o";"19201210";1
Distribution of linked "o";"18840909";1
Distribution of linked "o";"19681010";1
Distribution of linked "o";"17540513";1
Distribution of linked "o";"18090904";1
Distribution of linked "o";"19831231";1
Distribution of linked "o";"16951215";1
Distribution of linked "o";"17510731";1
Distribution of linked "o";"18860223";1
Distribution of linked "o";"19490803";1
Distribution of linked "o";"19330226";1
Distribution of linked "o";"18200915";1
Distribution of linked "o";"18851209";1
Distribution of linked "o";"20080214";1
Distribution of linked "o";"Q114012";1
Distribution of linked "o";"19770217";1
Distribution of linked "o";"19770124";1
Distribution of linked "o";"19580305";1
Distribution of linked "o";"19520719";1
Distribution of linked "o";"19800226";1
Distribution of linked "o";"18860622";1
Distribution of linked "o";"19480306";1
Distribution of linked "o";"18230628";1
Distribution of linked "o";"18940609";1
Distribution of linked "o";"18821107";1
Distribution of linked "o";"19421121";1
Distribution of linked "o";"14980101";1
Distribution of linked "o";"15570000";1
Distribution of linked "o";"15770101";1
Distribution of linked "o";"15770922";1
Distribution of linked "o";"16380915";1
Distribution of linked "o";"19870510";1
Distribution of linked "o";"18891203";1
Distribution of linked "o";"19380212";1
Distribution of linked "o";"19260424";1
Distribution of linked "o";"19240513";1
Distribution of linked "o";"20090422";1
Distribution of linked "o";"19230603";1
Distribution of linked "o";"20020504";1
Distribution of linked "o";"18600604";1
Distribution of linked "o";"19560428";1
Distribution of linked "o";"18601210";1
Distribution of linked "o";"14670321";1
Distribution of linked "o";"15320819";1
Distribution of linked "o";"19040717";1
Distribution of linked "o";"19870828";1
Distribution of linked "o";"19530131";1
Distribution of linked "o";"18221104";1
Distribution of linked "o";"18800404";1
Distribution of linked "o";"19371227";1
Distribution of linked "o";"18530128";1
Distribution of linked "o";"18261210";1
Distribution of linked "o";"19010430";1
Distribution of linked "o";"18721104";1
Distribution of linked "o";"18850410";1
Distribution of linked "o";"19420517";1
Distribution of linked "o";"18660320";1
Distribution of linked "o";"19320920";1
Distribution of linked "o";"16160803";1
Distribution of linked "o";"18130601";1
Distribution of linked "o";"18700411";1
Distribution of linked "o";"19910611";1
Distribution of linked "o";"19580430";1
Distribution of linked "o";"17610304";1
Distribution of linked "o";"19020604";1
Distribution of linked "o";"19680725";1
Distribution of linked "o";"19650408";1
Distribution of linked "o";"17321215";1
Distribution of linked "o";"17870417";1
Distribution of linked "o";"18110520";1
Distribution of linked "o";"19010519";1
Distribution of linked "o";"17120603";1
Distribution of linked "o";"17730508";1
Distribution of linked "o";"17691103";1
Distribution of linked "o";"18260323";1
Distribution of linked "o";"18630414";1
Distribution of linked "o";"19421106";1
Distribution of linked "o";"19540930";1
Distribution of linked "o";"19061105";1
Distribution of linked "o";"19811109";1
Distribution of linked "o";"18740320";1
Distribution of linked "o";"19860523";1
Distribution of linked "o";"19420523";1
Distribution of linked "o";"19380915";1
Distribution of linked "o";"20101218";1
Distribution of linked "o";"18840607";1
Distribution of linked "o";"19550512";1
Distribution of linked "o";"19430410";1
Distribution of linked "o";"19690105";1
Distribution of linked "o";"19590803";1
Distribution of linked "o";"16030101";1
Distribution of linked "o";"16710211";1
Distribution of linked "o";"19790505";1
Distribution of linked "o";"17670812";1
Distribution of linked "o";"18250627";1
Distribution of linked "o";"20150106";1
Distribution of linked "o";"19311221";1
Distribution of linked "o";"18520408";1
Distribution of linked "o";"19080430";1
Distribution of linked "o";"19511010";1
Distribution of linked "o";"19300307";1
Distribution of linked "o";"Q2208711";1
Distribution of linked "o";"19390518";1
Distribution of linked "o";"20020123";1
Distribution of linked "o";"19260508";1
Distribution of linked "o";"19121108";1
Distribution of linked "o";"19930308";1
Distribution of linked "o";"19860307";1
Distribution of linked "o";"12330101";1
Distribution of linked "o";"19860405";1
Distribution of linked "o";"18431124";1
Distribution of linked "o";"19180310";1
Distribution of linked "o";"18671206";1
Distribution of linked "o";"19210305";1
Distribution of linked "o";"18051114";1
Distribution of linked "o";"18670511";1
Distribution of linked "o";"20080327";1
Distribution of linked "o";"19030202";1
Distribution of linked "o";"18181016";1
Distribution of linked "o";"18640316";1
Distribution of linked "o";"19031121";1
Distribution of linked "o";"19890116";1
Distribution of linked "o";"18990517";1
Distribution of linked "o";"18590324";1
Distribution of linked "o";"19220426";1
Distribution of linked "o";"19190324";1
Distribution of linked "o";"19080519";1
Distribution of linked "o";"19040318";1
Distribution of linked "o";"18650812";1
Distribution of linked "o";"19290116";1
Distribution of linked "o";"19191017";1
Distribution of linked "o";"16790516";1
Distribution of linked "o";"19820524";1
Distribution of linked "o";"17641201";1
Distribution of linked "o";"18440516";1
Distribution of linked "o";"18200812";1
Distribution of linked "o";"19000322";1
Distribution of linked "o";"19550405";1
Distribution of linked "o";"18560929";1
Distribution of linked "o";"19220706";1
Distribution of linked "o";"19370426";1
Distribution of linked "o";"19740702";1
Distribution of linked "o";"19420618";1
Distribution of linked "o";"17710513";1
Distribution of linked "o";"18261216";1
Distribution of linked "o";"19230330";1
Distribution of linked "o";"19921102";1
Distribution of linked "o";"20160422";1
Distribution of linked "o";"18920502";1
Distribution of linked "o";"19670831";1
Distribution of linked "o";"19270805";1
Distribution of linked "o";"19810722";1
Distribution of linked "o";"18371125";1
Distribution of linked "o";"19061126";1
Distribution of linked "o";"19510408";1
Distribution of linked "o";"18650406";1
Distribution of linked "o";"19210326";1
Distribution of linked "o";"19910826";1
Distribution of linked "o";"16541109";1
Distribution of linked "o";"17250205";1
Distribution of linked "o";"18750313";1
Distribution of linked "o";"18970616";1
Distribution of linked "o";"19800729";1
Distribution of linked "o";"19190202";1
Distribution of linked "o";"17390709";1
Distribution of linked "o";"19250929";1
Distribution of linked "o";"19760118";1
Distribution of linked "o";"17850516";1
Distribution of linked "o";"18800522";1
Distribution of linked "o";"19080803";1
Distribution of linked "o";"19540310";1
Distribution of linked "o";"19560524";1
Distribution of linked "o";"18800610";1
Distribution of linked "o";"19460227";1
Distribution of linked "o";"18430102";1
Distribution of linked "o";"19270520";1
Distribution of linked "o";"17900707";1
Distribution of linked "o";"18730214";1
Distribution of linked "o";"18190906";1
Distribution of linked "o";"18680217";1
Distribution of linked "o";"19120128";1
Distribution of linked "o";"19741117";1
Distribution of linked "o";"18280116";1
Distribution of linked "o";"19010215";1
Distribution of linked "o";"20101207";1
Distribution of linked "o";"17261010";1
Distribution of linked "o";"17991011";1
Distribution of linked "o";"18441224";1
Distribution of linked "o";"19100629";1
Distribution of linked "o";"19400226";1
Distribution of linked "o";"19571212";1
Distribution of linked "o";"18091115";1
Distribution of linked "o";"18750814";1
Distribution of linked "o";"18540206";1
Distribution of linked "o";"19200112";1
Distribution of linked "o";"20120318";1
Distribution of linked "o";"18930902";1
Distribution of linked "o";"19730424";1
Distribution of linked "o";"19730521";1
Distribution of linked "o";"19080302";1
Distribution of linked "o";"18960819";1
Distribution of linked "o";"18810520";1
Distribution of linked "o";"19161010";1
Distribution of linked "o";"Q58758";1
Distribution of linked "o";"20080321";1
Distribution of linked "o";"19160121";1
Distribution of linked "o";"16240101";1
Distribution of linked "o";"19650426";1
Distribution of linked "o";"19850624";1
Distribution of linked "o";"19920401";1
Distribution of linked "o";"19310921";1
Distribution of linked "o";"20121123";1
Distribution of linked "o";"19781207";1
Distribution of linked "o";"19680131";1
Distribution of linked "o";"18520410";1
Distribution of linked "o";"19210621";1
Distribution of linked "o";"18900509";1
Distribution of linked "o";"19550531";1
Distribution of linked "o";"18381022";1
Distribution of linked "o";"19210618";1
Distribution of linked "o";"20110818";1
Distribution of linked "o";"19070000";1
Distribution of linked "o";"20111031";1
Distribution of linked "o";"19631014";1
Distribution of linked "o";"19420227";1
Distribution of linked "o";"18790316";1
Distribution of linked "o";"19460801";1
Distribution of linked "o";"19621122";1
Distribution of linked "o";"19240229";1
Distribution of linked "o";"19580830";1
Distribution of linked "o";"18620313";1
Distribution of linked "o";"19491220";1
Distribution of linked "o";"18440426";1
Distribution of linked "o";"18630910";1
Distribution of linked "o";"19380907";1
Distribution of linked "o";"18481224";1
Distribution of linked "o";"18400205";1
Distribution of linked "o";"19220305";1
Distribution of linked "o";"19430928";1
Distribution of linked "o";"18700625";1
Distribution of linked "o";"19370927";1
Distribution of linked "o";"19400824";1
Distribution of linked "o";"18480709";1
Distribution of linked "o";"19531220";1
Distribution of linked "o";"19240723";1
Distribution of linked "o";"20030109";1
Distribution of linked "o";"19260226";1
Distribution of linked "o";"20060208";1
Distribution of linked "o";"18950222";1
Distribution of linked "o";"19530301";1
Distribution of linked "o";"18550607";1
Distribution of linked "o";"18930616";1
Distribution of linked "o";"13250101";1
Distribution of linked "o";"20000315";1
Distribution of linked "o";"19131227";1
Distribution of linked "o";"19640910";1
Distribution of linked "o";"18531120";1
Distribution of linked "o";"19400223";1
Distribution of linked "o";"19100808";1
Distribution of linked "o";"20051213";1
Distribution of linked "o";"19461007";1
Distribution of linked "o";"18520320";1
Distribution of linked "o";"19120726";1
Distribution of linked "o";"16750110";1
Distribution of linked "o";"17260413";1
Distribution of linked "o";"16700722";1
Distribution of linked "o";"18831126";1
Distribution of linked "o";"19720223";1
Distribution of linked "o";"19111125";1
Distribution of linked "o";"19920725";1
Distribution of linked "o";"19930612";1
Distribution of linked "o";"19600216";1
Distribution of linked "o";"17601223";1
Distribution of linked "o";"17601123";1
Distribution of linked "o";"18300412";1
Distribution of linked "o";"19231221";1
Distribution of linked "o";"20110419";1
Distribution of linked "o";"19400612";1
Distribution of linked "o";"20110902";1
Distribution of linked "o";"19721116";1
Distribution of linked "o";"19350707";1
Distribution of linked "o";"19440922";1
Distribution of linked "o";"19820115";1
Distribution of linked "o";"18130518";1
Distribution of linked "o";"18581231";1
Distribution of linked "o";"19020106";1
Distribution of linked "o";"19850901";1
Distribution of linked "o";"18780808";1
Distribution of linked "o";"18300808";1
Distribution of linked "o";"19000609";1
Distribution of linked "o";"19090822";1
Distribution of linked "o";"19820406";1
Distribution of linked "o";"18900727";1
Distribution of linked "o";"19010218";1
Distribution of linked "o";"19420521";1
Distribution of linked "o";"18990322";1
Distribution of linked "o";"19820315";1
Distribution of linked "o";"18571005";1
Distribution of linked "o";"19340210";1
Distribution of linked "o";"18930724";1
Distribution of linked "o";"19891217";1
Distribution of linked "o";"18870118";1
Distribution of linked "o";"19670802";1
Distribution of linked "o";"19600804";1
Distribution of linked "o";"18951204";1
Distribution of linked "o";"19450401";1
Distribution of linked "o";"17480903";1
Distribution of linked "o";"19631030";1
Distribution of linked "o";"18600821";1
Distribution of linked "o";"09920101";1
Distribution of linked "o";"16270213";1
Distribution of linked "o";"19841011";1
Distribution of linked "o";"18461229";1
Distribution of linked "o";"16660605";1
Distribution of linked "o";"17200314";1
Distribution of linked "o";"18740131";1
Distribution of linked "o";"19441225";1
Distribution of linked "o";"18661225";1
Distribution of linked "o";"19310409";1
Distribution of linked "o";"Q16075047";1
Distribution of linked "o";"19870622";1
Distribution of linked "o";"19581224";1
Distribution of linked "o";"19660504";1
Distribution of linked "o";"19280409";1
Distribution of linked "o";"18730509";1
Distribution of linked "o";"19570605";1
Distribution of linked "o";"19940902";1
Distribution of linked "o";"19400728";1
Distribution of linked "o";"19300304";1
Distribution of linked "o";"20060909";1
Distribution of linked "o";"18910327";1
Distribution of linked "o";"19690626";1
Distribution of linked "o";"19710622";1
Distribution of linked "o";"19621129";1
Distribution of linked "o";"18171112";1
Distribution of linked "o";"18920529";1
Distribution of linked "o";"19650510";1
Distribution of linked "o";"19571031";1
Distribution of linked "o";"19820817";1
Distribution of linked "o";"20090429";1
Distribution of linked "o";"19781204";1
Distribution of linked "o";"19430807";1
Distribution of linked "o";"19270516";1
Distribution of linked "o";"19810520";1
Distribution of linked "o";"19500510";1
Distribution of linked "o";"Q493751";1
Distribution of linked "o";"19140124";1
Distribution of linked "o";"20021009";1
Distribution of linked "o";"19420803";1
Distribution of linked "o";"20020403";1
Distribution of linked "o";"19470912";1
Distribution of linked "o";"20120418";1
Distribution of linked "o";"19350212";1
Distribution of linked "o";"19460221";1
Distribution of linked "o";"20130406";1
Distribution of linked "o";"20010627";1
Distribution of linked "o";"19610608";1
Distribution of linked "o";"20160711";1
Distribution of linked "o";"19530412";1
Distribution of linked "o";"19970208";1
Distribution of linked "o";"19781115";1
Distribution of linked "o";"19710421";1
Distribution of linked "o";"18060802";1
Distribution of linked "o";"18550506";1
Distribution of linked "o";"19490710";1
Distribution of linked "o";"18300326";1
Distribution of linked "o";"19000617";1
Distribution of linked "o";"16110519";1
Distribution of linked "o";"16890812";1
Distribution of linked "o";"19541003";1
Distribution of linked "o";"16100422";1
Distribution of linked "o";"16910201";1
Distribution of linked "o";"19101225";1
Distribution of linked "o";"19880727";1
Distribution of linked "o";"02171220";1
Distribution of linked "o";"18781030";1
Distribution of linked "o";"19630221";1
Distribution of linked "o";"17980101";1
Distribution of linked "o";"18541202";1
Distribution of linked "o";"19210725";1
Distribution of linked "o";"18600529";1
Distribution of linked "o";"19121121";1
Distribution of linked "o";"18711230";1
Distribution of linked "o";"19460509";1
Distribution of linked "o";"19040605";1
Distribution of linked "o";"19840915";1
Distribution of linked "o";"18831001";1
Distribution of linked "o";"19620318";1
Distribution of linked "o";"16560101";1
Distribution of linked "o";"18391210";1
Distribution of linked "o";"18990116";1
Distribution of linked "o";"18900213";1
Distribution of linked "o";"18751222";1
Distribution of linked "o";"19380226";1
Distribution of linked "o";"19680509";1
Distribution of linked "o";"18730806";1
Distribution of linked "o";"19480312";1
Distribution of linked "o";"19640408";1
Distribution of linked "o";"18040527";1
Distribution of linked "o";"18770505";1
Distribution of linked "o";"19301209";1
Distribution of linked "o";"20071210";1
Distribution of linked "o";"19370623";1
Distribution of linked "o";"19040829";1
Distribution of linked "o";"19390608";1
Distribution of linked "o";"14051018";1
Distribution of linked "o";"14640814";1
Distribution of linked "o";"20130606";1
Distribution of linked "o";"18460212";1
Distribution of linked "o";"19300217";1
Distribution of linked "o";"19030928";1
Distribution of linked "o";"19660606";1
Distribution of linked "o";"18360828";1
Distribution of linked "o";"19060223";1
Distribution of linked "o";"17991006";1
Distribution of linked "o";"18760904";1
Distribution of linked "o";"19430211";1
Distribution of linked "o";"18110818";1
Distribution of linked "o";"18671010";1
Distribution of linked "o";"19890727";1
Distribution of linked "o";"19580904";1
Distribution of linked "o";"19261026";1
Distribution of linked "o";"19191223";1
Distribution of linked "o";"20050428";1
Distribution of linked "o";"19290510";1
Distribution of linked "o";"18710121";1
Distribution of linked "o";"19440218";1
Distribution of linked "o";"18640317";1
Distribution of linked "o";"19510505";1
Distribution of linked "o";"19651009";1
Distribution of linked "o";"19740000";1
Distribution of linked "o";"18520731";1
Distribution of linked "o";"19311105";1
Distribution of linked "o";"18410101";1
Distribution of linked "o";"18890921";1
Distribution of linked "o";"19770829";1
Distribution of linked "o";"19080514";1
Distribution of linked "o";"20050625";1
Distribution of linked "o";"18830625";1
Distribution of linked "o";"19760204";1
Distribution of linked "o";"18470222";1
Distribution of linked "o";"19330324";1
Distribution of linked "o";"20050821";1
Distribution of linked "o";"17540215";1
Distribution of linked "o";"17981223";1
Distribution of linked "o";"19690723";1
Distribution of linked "o";"19510404";1
Distribution of linked "o";"19330922";1
Distribution of linked "o";"20121227";1
Distribution of linked "o";"18880223";1
Distribution of linked "o";"19451113";1
Distribution of linked "o";"18220310";1
Distribution of linked "o";"19050831";1
Distribution of linked "o";"19300730";1
Distribution of linked "o";"19671113";1
Distribution of linked "o";"18630810";1
Distribution of linked "o";"19190205";1
Distribution of linked "o";"20051021";1
Distribution of linked "o";"19380304";1
Distribution of linked "o";"19410225";1
Distribution of linked "o";"19930601";1
Distribution of linked "o";"19780715";1
Distribution of linked "o";"19601207";1
Distribution of linked "o";"19880307";1
Distribution of linked "o";"11460101";1
Distribution of linked "o";"17870801";1
Distribution of linked "o";"18760705";1
Distribution of linked "o";"18910415";1
Distribution of linked "o";"19451015";1
Distribution of linked "o";"19810304";1
Distribution of linked "o";"18620602";1
Distribution of linked "o";"19480229";1
Distribution of linked "o";"17430301";1
Distribution of linked "o";"18170301";1
Distribution of linked "o";"17581026";1
Distribution of linked "o";"17531104";1
Distribution of linked "o";"19200120";1
Distribution of linked "o";"19890615";1
Distribution of linked "o";"19020922";1
Distribution of linked "o";"19811019";1
Distribution of linked "o";"19750601";1
Distribution of linked "o";"18470216";1
Distribution of linked "o";"19230605";1
Distribution of linked "o";"19530804";1
Distribution of linked "o";"19520305";1
Distribution of linked "o";"19160406";1
Distribution of linked "o";"19720207";1
Distribution of linked "o";"18880724";1
Distribution of linked "o";"19190126";1
Distribution of linked "o";"19761218";1
Distribution of linked "o";"19130720";1
Distribution of linked "o";"20090131";1
Distribution of linked "o";"Q69439";1
Distribution of linked "o";"17640904";1
Distribution of linked "o";"18830922";1
Distribution of linked "o";"18010329";1
Distribution of linked "o";"18800227";1
Distribution of linked "o";"19450716";1
Distribution of linked "o";"20120911";1
Distribution of linked "o";"18360327";1
Distribution of linked "o";"18800910";1
Distribution of linked "o";"18251123";1
Distribution of linked "o";"18870503";1
Distribution of linked "o";"19570218";1
Distribution of linked "o";"20080801";1
Distribution of linked "o";"17820306";1
Distribution of linked "o";"18471118";1
Distribution of linked "o";"18121030";1
Distribution of linked "o";"18890305";1
Distribution of linked "o";"19760211";1
Distribution of linked "o";"19790620";1
Distribution of linked "o";"19280829";1
Distribution of linked "o";"18860407";1
Distribution of linked "o";"19631019";1
Distribution of linked "o";"19060623";1
Distribution of linked "o";"17570901";1
Distribution of linked "o";"18430513";1
Distribution of linked "o";"19740126";1
Distribution of linked "o";"18911208";1
Distribution of linked "o";"19501002";1
Distribution of linked "o";"19050718";1
Distribution of linked "o";"18570513";1
Distribution of linked "o";"17690525";1
Distribution of linked "o";"18400522";1
Distribution of linked "o";"19101213";1
Distribution of linked "o";"19861030";1
Distribution of linked "o";"19460113";1
Distribution of linked "o";"18741003";1
Distribution of linked "o";"19280228";1
Distribution of linked "o";"18630323";1
Distribution of linked "o";"19330420";1
Distribution of linked "o";"18440830";1
Distribution of linked "o";"19130614";1
Distribution of linked "o";"18311028";1
Distribution of linked "o";"Q1006224";1
Distribution of linked "o";"19590302";1
Distribution of linked "o";"18960224";1
Distribution of linked "o";"18900619";1
Distribution of linked "o";"19740129";1
Distribution of linked "o";"19420527";1
Distribution of linked "o";"19521124";1
Distribution of linked "o";"19440608";1
Distribution of linked "o";"20160116";1
Distribution of linked "o";"19160817";1
Distribution of linked "o";"19870506";1
Distribution of linked "o";"19430210";1
Distribution of linked "o";"03660925";1
Distribution of linked "o";"17980827";1
Distribution of linked "o";"18971129";1
Distribution of linked "o";"17030101";1
Distribution of linked "o";"Q6198130";1
Distribution of linked "o";"19250504";1
Distribution of linked "o";"19400709";1
Distribution of linked "o";"19890607";1
Distribution of linked "o";"19390526";1
Distribution of linked "o";"18991211";1
Distribution of linked "o";"19971029";1
Distribution of linked "o";"19480527";1
Distribution of linked "o";"19160627";1
Distribution of linked "o";"19740104";1
Distribution of linked "o";"20080610";1
Distribution of linked "o";"19560603";1
Distribution of linked "o";"19670224";1
Distribution of linked "o";"19481031";1
Distribution of linked "o";"15881126";1
Distribution of linked "o";"16500507";1
Distribution of linked "o";"19460615";1
Distribution of linked "o";"20040401";1
Distribution of linked "o";"14550514";1
Distribution of linked "o";"15030727";1
Distribution of linked "o";"19570410";1
Distribution of linked "o";"19090111";1
Distribution of linked "o";"19700217";1
Distribution of linked "o";"20120511";1
Distribution of linked "o";"19011217";1
Distribution of linked "o";"18070430";1
Distribution of linked "o";"18700413";1
Distribution of linked "o";"19000308";1
Distribution of linked "o";"19760114";1
Distribution of linked "o";"19821214";1
Distribution of linked "o";"18980226";1
Distribution of linked "o";"19450403";1
Distribution of linked "o";"19390805";1
Distribution of linked "o";"19890316";1
Distribution of linked "o";"19841209";1
Distribution of linked "o";"19330508";1
Distribution of linked "o";"19490328";1
Distribution of linked "o";"19240311";1
Distribution of linked "o";"19470423";1
Distribution of linked "o";"19120522";1
Distribution of linked "o";"20041219";1
Distribution of linked "o";"18910806";1
Distribution of linked "o";"19180908";1
Distribution of linked "o";"19980316";1
Distribution of linked "o";"19700903";1
Distribution of linked "o";"18830528";1
Distribution of linked "o";"19591201";1
Distribution of linked "o";"20110224";1
Distribution of linked "o";"19860110";1
Distribution of linked "o";"19441208";1
Distribution of linked "o";"19920206";1
Distribution of linked "o";"18100312";1
Distribution of linked "o";"18781121";1
Distribution of linked "o";"17690817";1
Distribution of linked "o";"18491101";1
Distribution of linked "o";"18960228";1
Distribution of linked "o";"19750324";1
Distribution of linked "o";"Q442481";1
Distribution of linked "o";"18680606";1
Distribution of linked "o";"19120329";1
Distribution of linked "o";"17930609";1
Distribution of linked "o";"18420217";1
Distribution of linked "o";"18360419";1
Distribution of linked "o";"19061220";1
Distribution of linked "o";"19691110";1
Distribution of linked "o";"20130730";1
Distribution of linked "o";"19370825";1
Distribution of linked "o";"19361109";1
Distribution of linked "o";"19920627";1
Distribution of linked "o";"19490820";1
Distribution of linked "o";"19410729";1
Distribution of linked "o";"19010921";1
Distribution of linked "o";"18220408";1
Distribution of linked "o";"18890516";1
Distribution of linked "o";"18801224";1
Distribution of linked "o";"19641217";1
Distribution of linked "o";"20060303";1
Distribution of linked "o";"18600711";1
Distribution of linked "o";"20120304";1
Distribution of linked "o";"17350906";1
Distribution of linked "o";"17870912";1
Distribution of linked "o";"17640603";1
Distribution of linked "o";"18371005";1
Distribution of linked "o";"17460101";1
Distribution of linked "o";"19280429";1
Distribution of linked "o";"18990516";1
Distribution of linked "o";"19590428";1
Distribution of linked "o";"19361203";1
Distribution of linked "o";"19690107";1
Distribution of linked "o";"18850131";1
Distribution of linked "o";"19640619";1
Distribution of linked "o";"19640613";1
Distribution of linked "o";"18580905";1
Distribution of linked "o";"19200828";1
Distribution of linked "o";"19830524";1
Distribution of linked "o";"19020525";1
Distribution of linked "o";"19041116";1
Distribution of linked "o";"19640121";1
Distribution of linked "o";"19880722";1
Distribution of linked "o";"15360503";1
Distribution of linked "o";"16030504";1
Distribution of linked "o";"19241221";1
Distribution of linked "o";"19960803";1
Distribution of linked "o";"18770902";1
Distribution of linked "o";"19560922";1
Distribution of linked "o";"18901227";1
Distribution of linked "o";"18991120";1
Distribution of linked "o";"19450924";1
Distribution of linked "o";"19110311";1
Distribution of linked "o";"19910323";1
Distribution of linked "o";"-03810101";1
Distribution of linked "o";"-03300101";1
Distribution of linked "o";"19390623";1
Distribution of linked "o";"18720212";1
Distribution of linked "o";"19851105";1
Distribution of linked "o";"19570709";1
Distribution of linked "o";"19860524";1
Distribution of linked "o";"20001008";1
Distribution of linked "o";"18420906";1
Distribution of linked "o";"18420905";1
Distribution of linked "o";"19150304";1
Distribution of linked "o";"19160708";1
Distribution of linked "o";"19410508";1
Distribution of linked "o";"20110617";1
Distribution of linked "o";"19600325";1
Distribution of linked "o";"19001206";1
Distribution of linked "o";"19910510";1
Distribution of linked "o";"15401221";1
Distribution of linked "o";"16021007";1
Distribution of linked "o";"16910405";1
Distribution of linked "o";"17681028";1
Distribution of linked "o";"16200413";1
Distribution of linked "o";"18700123";1
Distribution of linked "o";"19490515";1
Distribution of linked "o";"20090211";1
Distribution of linked "o";"18750511";1
Distribution of linked "o";"19450905";1
Distribution of linked "o";"19480727";1
Distribution of linked "o";"19440929";1
Distribution of linked "o";"Q691207";1
Distribution of linked "o";"Q1364302";1
Distribution of linked "o";"19510402";1
Distribution of linked "o";"19350720";1
Distribution of linked "o";"20060312";1
Distribution of linked "o";"18970922";1
Distribution of linked "o";"19780915";1
Distribution of linked "o";"Q2721207";1
Distribution of linked "o";"19110810";1
Distribution of linked "o";"19640510";1
Distribution of linked "o";"19450131";1
Distribution of linked "o";"15330114";1
Distribution of linked "o";"15780816";1
Distribution of linked "o";"15640426";1
Distribution of linked "o";"16261016";1
Distribution of linked "o";"20100626";1
Distribution of linked "o";"19670323";1
Distribution of linked "o";"20060830";1
Distribution of linked "o";"18551203";1
Distribution of linked "o";"19291217";1
Distribution of linked "o";"18940205";1
Distribution of linked "o";"19931026";1
Distribution of linked "o";"19020917";1
Distribution of linked "o";"19841022";1
Distribution of linked "o";"19600903";1
Distribution of linked "o";"18811226";1
Distribution of linked "o";"17240614";1
Distribution of linked "o";"17920926";1
Distribution of linked "o";"18281227";1
Distribution of linked "o";"19070822";1
Distribution of linked "o";"19090301";1
Distribution of linked "o";"19030818";1
Distribution of linked "o";"19770323";1
Distribution of linked "o";"19750911";1
Distribution of linked "o";"19080607";1
Distribution of linked "o";"19870305";1
Distribution of linked "o";"20131203";1
Distribution of linked "o";"05321019";1
Distribution of linked "o";"18270130";1
Distribution of linked "o";"19020820";1
Distribution of linked "o";"18950421";1
Distribution of linked "o";"19820528";1
Distribution of linked "o";"19810131";1
Distribution of linked "o";"Q242707";1
Distribution of linked "o";"19701212";1
Distribution of linked "o";"19401125";1
Distribution of linked "o";"18750928";1
Distribution of linked "o";"19360501";1
Distribution of linked "o";"18820724";1
Distribution of linked "o";"19470106";1
Distribution of linked "o";"18720722";1
Distribution of linked "o";"19480110";1
Distribution of linked "o";"19510707";1
Distribution of linked "o";"19870917";1
Distribution of linked "o";"17951018";1
Distribution of linked "o";"18421203";1
Distribution of linked "o";"06760616";1
Distribution of linked "o";"16971022";1
Distribution of linked "o";"19061008";1
Distribution of linked "o";"20071222";1
Distribution of linked "o";"19130115";1
Distribution of linked "o";"20080629";1
Distribution of linked "o";"09460500";1
Distribution of linked "o";"19470226";1
Distribution of linked "o";"19611130";1
Distribution of linked "o";"16900226";1
Distribution of linked "o";"19520518";1
Distribution of linked "o";"18700207";1
Distribution of linked "o";"19320112";1
Distribution of linked "o";"Q697711";1
Distribution of linked "o";"19610609";1
Distribution of linked "o";"19500102";1
Distribution of linked "o";"20110105";1
Distribution of linked "o";"18350317";1
Distribution of linked "o";"19060725";1
Distribution of linked "o";"19791020";1
Distribution of linked "o";"18141231";1
Distribution of linked "o";"18870106";1
Distribution of linked "o";"18310824";1
Distribution of linked "o";"19000129";1
Distribution of linked "o";"18620806";1
Distribution of linked "o";"19240516";1
Distribution of linked "o";"17110101";1
Distribution of linked "o";"18900328";1
Distribution of linked "o";"18460402";1
Distribution of linked "o";"18980603";1
Distribution of linked "o";"19190720";1
Distribution of linked "o";"20030309";1
Distribution of linked "o";"12920404";1
Distribution of linked "o";"20010707";1
Distribution of linked "o";"20131110";1
Distribution of linked "o";"19340830";1
Distribution of linked "o";"19651202";1
Distribution of linked "o";"18851013";1
Distribution of linked "o";"19081122";1
Distribution of linked "o";"19850204";1
Distribution of linked "o";"19500226";1
Distribution of linked "o";"20101113";1
Distribution of linked "o";"19810915";1
Distribution of linked "o";"19770605";1
Distribution of linked "o";"19530731";1
Distribution of linked "o";"19510609";1
Distribution of linked "o";"17851101";1
Distribution of linked "o";"18690316";1
Distribution of linked "o";"15590512";1
Distribution of linked "o";"16110320";1
Distribution of linked "o";"19460707";1
Distribution of linked "o";"20000527";1
Distribution of linked "o";"19870306";1
Distribution of linked "o";"19420107";1
Distribution of linked "o";"18550819";1
Distribution of linked "o";"19321221";1
Distribution of linked "o";"17040210";1
Distribution of linked "o";"17600301";1
Distribution of linked "o";"19290422";1
Distribution of linked "o";"18980807";1
Distribution of linked "o";"19480226";1
Distribution of linked "o";"09281200";1
Distribution of linked "o";"18790701";1
Distribution of linked "o";"19750905";1
Distribution of linked "o";"18821116";1
Distribution of linked "o";"19570517";1
Distribution of linked "o";"19461123";1
Distribution of linked "o";"19710210";1
Distribution of linked "o";"18481104";1
Distribution of linked "o";"19000824";1
Distribution of linked "o";"20001028";1
Distribution of linked "o";"19760301";1
Distribution of linked "o";"Q5336861";1
Distribution of linked "o";"19770819";1
Distribution of linked "o";"19630507";1
Distribution of linked "o";"17340502";1
Distribution of linked "o";"18070311";1
Distribution of linked "o";"19360727";1
Distribution of linked "o";"19621023";1
Distribution of linked "o";"16880127";1
Distribution of linked "o";"17571024";1
Distribution of linked "o";"19041023";1
Distribution of linked "o";"19631031";1
Distribution of linked "o";"Q540235";1
Distribution of linked "o";"18250223";1
Distribution of linked "o";"19070525";1
Distribution of linked "o";"17640927";1
Distribution of linked "o";"18400312";1
Distribution of linked "o";"Q206833";1
Distribution of linked "o";"18470326";1
Distribution of linked "o";"19111204";1
Distribution of linked "o";"Q444788";1
Distribution of linked "o";"18951004";1
Distribution of linked "o";"19660201";1
Distribution of linked "o";"19070114";1
Distribution of linked "o";"18870702";1
Distribution of linked "o";"18100202";1
Distribution of linked "o";"18990922";1
Distribution of linked "o";"19780719";1
Distribution of linked "o";"19540920";1
Distribution of linked "o";"19130108";1
Distribution of linked "o";"19711014";1
Distribution of linked "o";"17690518";1
Distribution of linked "o";"18520229";1
Distribution of linked "o";"19450125";1
Distribution of linked "o";"18170706";1
Distribution of linked "o";"18830311";1
Distribution of linked "o";"19210702";1
Distribution of linked "o";"20060311";1
Distribution of linked "o";"16790227";1
Distribution of linked "o";"17470907";1
Distribution of linked "o";"19750713";1
Distribution of linked "o";"17500330";1
Distribution of linked "o";"19281012";1
Distribution of linked "o";"19870803";1
Distribution of linked "o";"18390120";1
Distribution of linked "o";"Q164487";1
Distribution of linked "o";"20140406";1
Distribution of linked "o";"19200923";1
Distribution of linked "o";"20091106";1
Distribution of linked "o";"18350505";1
Distribution of linked "o";"19060210";1
Distribution of linked "o";"18340524";1
Distribution of linked "o";"19120422";1
Distribution of linked "o";"13610430";1
Distribution of linked "o";"12030609";1
Distribution of linked "o";"19550423";1
Distribution of linked "o";"17331115";1
Distribution of linked "o";"15760927";1
Distribution of linked "o";"16350906";1
Distribution of linked "o";"19391112";1
Distribution of linked "o";"19280104";1
Distribution of linked "o";"Q104109";1
Distribution of linked "o";"18830523";1
Distribution of linked "o";"19391212";1
Distribution of linked "o";"19810621";1
Distribution of linked "o";"18810712";1
Distribution of linked "o";"15210414";1
Distribution of linked "o";"15810317";1
Distribution of linked "o";"18690217";1
Distribution of linked "o";"Q7821848";1
Distribution of linked "o";"19210930";1
Distribution of linked "o";"20071016";1
Distribution of linked "o";"18110311";1
Distribution of linked "o";"18770923";1
Distribution of linked "o";"19610710";1
Distribution of linked "o";"18200627";1
Distribution of linked "o";"18540427";1
Distribution of linked "o";"19560118";1
Distribution of linked "o";"19380927";1
Distribution of linked "o";"15400719";1
Distribution of linked "o";"15691215";1
Distribution of linked "o";"19050608";1
Distribution of linked "o";"19871222";1
Distribution of linked "o";"20100411";1
Distribution of linked "o";"19440430";1
Distribution of linked "o";"19101016";1
Distribution of linked "o";"19350423";1
Distribution of linked "o";"08270827";1
Distribution of linked "o";"19400210";1
Distribution of linked "o";"Q65655";1
Distribution of linked "o";"16630517";1
Distribution of linked "o";"17010520";1
Distribution of linked "o";"19700107";1
Distribution of linked "o";"16221011";1
Distribution of linked "o";"18201207";1
Distribution of linked "o";"18990728";1
Distribution of linked "o";"18820110";1
Distribution of linked "o";"19580921";1
Distribution of linked "o";"19941105";1
Distribution of linked "o";"18890820";1
Distribution of linked "o";"19900121";1
Distribution of linked "o";"18801227";1
Distribution of linked "o";"Q2481684";1
Distribution of linked "o";"18191020";1
Distribution of linked "o";"18500709";1
Distribution of linked "o";"19531022";1
Distribution of linked "o";"19020611";1
Distribution of linked "o";"19331117";1
Distribution of linked "o";"18060618";1
Distribution of linked "o";"18691124";1
Distribution of linked "o";"16401227";1
Distribution of linked "o";"16920101";1
Distribution of linked "o";"19570702";1
Distribution of linked "o";"19640721";1
Distribution of linked "o";"15960913";1
Distribution of linked "o";"16420730";1
Distribution of linked "o";"18841223";1
Distribution of linked "o";"19150930";1
Distribution of linked "o";"19600629";1
Distribution of linked "o";"19750722";1
Distribution of linked "o";"19781223";1
Distribution of linked "o";"19631120";1
Distribution of linked "o";"18150901";1
Distribution of linked "o";"18711207";1
Distribution of linked "o";"19010220";1
Distribution of linked "o";"18830924";1
Distribution of linked "o";"19570909";1
Distribution of linked "o";"19291010";1
Distribution of linked "o";"19871217";1
Distribution of linked "o";"19491227";1
Distribution of linked "o";"19531207";1
Distribution of linked "o";"18570924";1
Distribution of linked "o";"17861116";1
Distribution of linked "o";"18560516";1
Distribution of linked "o";"19030303";1
Distribution of linked "o";"19430811";1
Distribution of linked "o";"19520628";1
Distribution of linked "o";"17070311";1
Distribution of linked "o";"17770320";1
Distribution of linked "o";"16641109";1
Distribution of linked "o";"18290218";1
Distribution of linked "o";"18960702";1
Distribution of linked "o";"19170212";1
Distribution of linked "o";"18470102";1
Distribution of linked "o";"18750621";1
Distribution of linked "o";"19700128";1
Distribution of linked "o";"19030822";1
Distribution of linked "o";"19660329";1
Distribution of linked "o";"19011116";1
Distribution of linked "o";"19490215";1
Distribution of linked "o";"19940825";1
Distribution of linked "o";"18950807";1
Distribution of linked "o";"16211210";1
Distribution of linked "o";"16771214";1
Distribution of linked "o";"18700512";1
Distribution of linked "o";"19340620";1
Distribution of linked "o";"17500503";1
Distribution of linked "o";"18220630";1
Distribution of linked "o";"18850311";1
Distribution of linked "o";"19590518";1
Distribution of linked "o";"19030917";1
Distribution of linked "o";"19990612";1
Distribution of linked "o";"18870402";1
Distribution of linked "o";"19570604";1
Distribution of linked "o";"19480901";1
Distribution of linked "o";"19521109";1
Distribution of linked "o";"18010000";1
Distribution of linked "o";"18671214";1
Distribution of linked "o";"19560508";1
Distribution of linked "o";"19810916";1
Distribution of linked "o";"18940526";1
Distribution of linked "o";"18560928";1
Distribution of linked "o";"19630204";1
Distribution of linked "o";"18190311";1
Distribution of linked "o";"18980607";1
Distribution of linked "o";"20000317";1
Distribution of linked "o";"16841215";1
Distribution of linked "o";"17610501";1
Distribution of linked "o";"18991231";1
Distribution of linked "o";"19351227";1
Distribution of linked "o";"17940110";1
Distribution of linked "o";"18741011";1
Distribution of linked "o";"18130904";1
Distribution of linked "o";"18820104";1
Distribution of linked "o";"19930326";1
Distribution of linked "o";"19030119";1
Distribution of linked "o";"Q78119";1
Distribution of linked "o";"19250417";1
Distribution of linked "o";"18040706";1
Distribution of linked "o";"18840220";1
Distribution of linked "o";"19710701";1
Distribution of linked "o";"19590519";1
Distribution of linked "o";"19340513";1
Distribution of linked "o";"18510327";1
Distribution of linked "o";"19300311";1
Distribution of linked "o";"20121021";1
Distribution of linked "o";"19170908";1
Distribution of linked "o";"17390619";1
Distribution of linked "o";"18030427";1
Distribution of linked "o";"15810106";1
Distribution of linked "o";"16310918";1
Distribution of linked "o";"19450809";1
Distribution of linked "o";"09140300";1
Distribution of linked "o";"18960801";1
Distribution of linked "o";"19760616";1
Distribution of linked "o";"19460410";1
Distribution of linked "o";"19550314";1
Distribution of linked "o";"19391005";1
Distribution of linked "o";"19410322";1
Distribution of linked "o";"18990316";1
Distribution of linked "o";"19731206";1
Distribution of linked "o";"19350110";1
Distribution of linked "o";"17151130";1
Distribution of linked "o";"17931127";1
Distribution of linked "o";"18500225";1
Distribution of linked "o";"19270503";1
Distribution of linked "o";"19301031";1
Distribution of linked "o";"18971224";1
Distribution of linked "o";"19620911";1
Distribution of linked "o";"18440113";1
Distribution of linked "o";"20140912";1
Distribution of linked "o";"18511021";1
Distribution of linked "o";"19310922";1
Distribution of linked "o";"18570219";1
Distribution of linked "o";"19230611";1
Distribution of linked "o";"19590509";1
Distribution of linked "o";"14170919";1
Distribution of linked "o";"18711231";1
Distribution of linked "o";"17211216";1
Distribution of linked "o";"17771209";1
Distribution of linked "o";"19701118";1
Distribution of linked "o";"19690630";1
Distribution of linked "o";"19801127";1
Distribution of linked "o";"19300827";1
Distribution of linked "o";"15500526";1
Distribution of linked "o";"16210604";1
Distribution of linked "o";"18100724";1
Distribution of linked "o";"18930507";1
Distribution of linked "o";"18760531";1
Distribution of linked "o";"19370427";1
Distribution of linked "o";"18981116";1
Distribution of linked "o";"19871215";1
Distribution of linked "o";"18781002";1
Distribution of linked "o";"19050611";1
Distribution of linked "o";"19860430";1
Distribution of linked "o";"19680411";1
Distribution of linked "o";"18840613";1
Distribution of linked "o";"19541028";1
Distribution of linked "o";"19360330";1
Distribution of linked "o";"18640815";1
Distribution of linked "o";"19560202";1
Distribution of linked "o";"19411218";1
Distribution of linked "o";"19420506";1
Distribution of linked "o";"19920706";1
Distribution of linked "o";"19840528";1
Distribution of linked "o";"16880814";1
Distribution of linked "o";"16880815";1
Distribution of linked "o";"17400531";1
Distribution of linked "o";"12300101";1
Distribution of linked "o";"18431113";1
Distribution of linked "o";"19241113";1
Distribution of linked "o";"19140710";1
Distribution of linked "o";"20010409";1
Distribution of linked "o";"18840828";1
Distribution of linked "o";"18070215";1
Distribution of linked "o";"18780107";1
Distribution of linked "o";"19300818";1
Distribution of linked "o";"20070606";1
Distribution of linked "o";"19370308";1
Distribution of linked "o";"19940415";1
Distribution of linked "o";"18940423";1
Distribution of linked "o";"19720314";1
Distribution of linked "o";"19640110";1
Distribution of linked "o";"19360805";1
Distribution of linked "o";"20110612";1
Distribution of linked "o";"17530911";1
Distribution of linked "o";"18370209";1
Distribution of linked "o";"19250210";1
Distribution of linked "o";"20120109";1
Distribution of linked "o";"19050901";1
Distribution of linked "o";"19220709";1
Distribution of linked "o";"20020514";1
Distribution of linked "o";"20150920";1
Distribution of linked "o";"19830517";1
Distribution of linked "o";"17360125";1
Distribution of linked "o";"18080330";1
Distribution of linked "o";"05260830";1
Distribution of linked "o";"04540512";1
Distribution of linked "o";"20131120";1
Distribution of linked "o";"19330103";1
Distribution of linked "o";"17970313";1
Distribution of linked "o";"18600109";1
Distribution of linked "o";"19670718";1
Distribution of linked "o";"19240408";1
Distribution of linked "o";"20030530";1
Distribution of linked "o";"20070130";1
Distribution of linked "o";"19061014";1
Distribution of linked "o";"19841128";1
Distribution of linked "o";"19750614";1
Distribution of linked "o";"18550510";1
Distribution of linked "o";"19050130";1
Distribution of linked "o";"19780801";1
Distribution of linked "o";"19680612";1
Distribution of linked "o";"19810601";1
Distribution of linked "o";"19470412";1
Distribution of linked "o";"18430301";1
Distribution of linked "o";"19071226";1
Distribution of linked "o";"19370807";1
Distribution of linked "o";"19420706";1
Distribution of linked "o";"19460501";1
Distribution of linked "o";"16670212";1
Distribution of linked "o";"17241110";1
Distribution of linked "o";"18161112";1
Distribution of linked "o";"18781227";1
Distribution of linked "o";"Q452169";1
Distribution of linked "o";"17600112";1
Distribution of linked "o";"18360710";1
Distribution of linked "o";"19460217";1
Distribution of linked "o";"14590228";1
Distribution of linked "o";"14200000";1
Distribution of linked "o";"19630607";1
Distribution of linked "o";"16391121";1
Distribution of linked "o";"17060212";1
Distribution of linked "o";"16070227";1
Distribution of linked "o";"16620113";1
Distribution of linked "o";"19800416";1
Distribution of linked "o";"16190907";1
Distribution of linked "o";"18780513";1
Distribution of linked "o";"19360129";1
Distribution of linked "o";"17911112";1
Distribution of linked "o";"18550913";1
Distribution of linked "o";"19700320";1
Distribution of linked "o";"19690704";1
Distribution of linked "o";"19290204";1
Distribution of linked "o";"19980929";1
Distribution of linked "o";"19630906";1
Distribution of linked "o";"18390213";1
Distribution of linked "o";"19131208";1
Distribution of linked "o";"14820815";1
Distribution of linked "o";"14060101";1
Distribution of linked "o";"14060711";1
Distribution of linked "o";"20150125";1
Distribution of linked "o";"19260129";1
Distribution of linked "o";"17841016";1
Distribution of linked "o";"18620428";1
Distribution of linked "o";"19781026";1
Distribution of linked "o";"15670928";1
Distribution of linked "o";"17840926";1
Distribution of linked "o";"18641204";1
Distribution of linked "o";"18820314";1
Distribution of linked "o";"19590914";1
Distribution of linked "o";"18640508";1
Distribution of linked "o";"19411019";1
Distribution of linked "o";"19510908";1
Distribution of linked "o";"18820102";1
Distribution of linked "o";"19380707";1
Distribution of linked "o";"19570608";1
Distribution of linked "o";"20101005";1
Distribution of linked "o";"18490402";1
Distribution of linked "o";"19160201";1
Distribution of linked "o";"19090524";1
Distribution of linked "o";"18860723";1
Distribution of linked "o";"18420103";1
Distribution of linked "o";"19610803";1
Distribution of linked "o";"18710827";1
Distribution of linked "o";"18640722";1
Distribution of linked "o";"18710407";1
Distribution of linked "o";"19300203";1
Distribution of linked "o";"Q16728473";1
Distribution of linked "o";"19431231";1
Distribution of linked "o";"19971012";1
Distribution of linked "o";"19360109";1
Distribution of linked "o";"18330105";1
Distribution of linked "o";"19120927";1
Distribution of linked "o";"19910217";1
Distribution of linked "o";"19410412";1
Distribution of linked "o";"19190603";1
Distribution of linked "o";"19920610";1
Distribution of linked "o";"18160802";1
Distribution of linked "o";"18920714";1
Distribution of linked "o";"17331019";1
Distribution of linked "o";"17151102";1
Distribution of linked "o";"17830826";1
Distribution of linked "o";"18600122";1
Distribution of linked "o";"19350226";1
Distribution of linked "o";"18761107";1
Distribution of linked "o";"19420929";1
Distribution of linked "o";"19751016";1
Distribution of linked "o";"19380809";1
Distribution of linked "o";"20000118";1
Distribution of linked "o";"19840111";1
Distribution of linked "o";"18550329";1
Distribution of linked "o";"19370921";1
Distribution of linked "o";"19230610";1
Distribution of linked "o";"20040205";1
Distribution of linked "o";"16420105";1
Distribution of linked "o";"17040208";1
Distribution of linked "o";"18880823";1
Distribution of linked "o";"19630320";1
Distribution of linked "o";"19650810";1
Distribution of linked "o";"18850614";1
Distribution of linked "o";"19690711";1
Distribution of linked "o";"18861209";1
Distribution of linked "o";"19250424";1
Distribution of linked "o";"19250423";1
Distribution of linked "o";"20041218";1
Distribution of linked "o";"18391205";1
Distribution of linked "o";"19040705";1
Distribution of linked "o";"18980718";1
Distribution of linked "o";"19240621";1
Distribution of linked "o";"19620406";1
Distribution of linked "o";"19350406";1
Distribution of linked "o";"18520714";1
Distribution of linked "o";"18950917";1
Distribution of linked "o";"18391119";1
Distribution of linked "o";"15950426";1
Distribution of linked "o";"18821122";1
Distribution of linked "o";"19330623";1
Distribution of linked "o";"Q365230";1
Distribution of linked "o";"19580320";1
Distribution of linked "o";"19521116";1
Distribution of linked "o";"19380810";1
Distribution of linked "o";"19580225";1
Distribution of linked "o";"18780802";1
Distribution of linked "o";"19110704";1
Distribution of linked "o";"19900110";1
Distribution of linked "o";"16440318";1
Distribution of linked "o";"17150126";1
Distribution of linked "o";"19630209";1
Distribution of linked "o";"Q64678";1
Distribution of linked "o";"19110303";1
Distribution of linked "o";"19750519";1
Distribution of linked "o";"Q316865";1
Distribution of linked "o";"19880618";1
Distribution of linked "o";"19400121";1
Distribution of linked "o";"15010202";1
Distribution of linked "o";"15700915";1
Distribution of linked "o";"19560711";1
Distribution of linked "o";"19410206";1
Distribution of linked "o";"18121020";1
Distribution of linked "o";"18830426";1
Distribution of linked "o";"19610512";1
Distribution of linked "o";"19110408";1
Distribution of linked "o";"19790606";1
Distribution of linked "o";"18061206";1
Distribution of linked "o";"19460716";1
Distribution of linked "o";"19160726";1
Distribution of linked "o";"18180223";1
Distribution of linked "o";"18590713";1
Distribution of linked "o";"17321123";1
Distribution of linked "o";"17321128";1
Distribution of linked "o";"18041201";1
Distribution of linked "o";"Q14439";1
Distribution of linked "o";"19471024";1
Distribution of linked "o";"19120309";1
Distribution of linked "o";"Q271460";1
Distribution of linked "o";"19500320";1
Distribution of linked "o";"18860303";1
Distribution of linked "o";"19820925";1
Distribution of linked "o";"19841002";1
Distribution of linked "o";"20091210";1
Distribution of linked "o";"12070101";1
Distribution of linked "o";"18990121";1
Distribution of linked "o";"19541202";1
Distribution of linked "o";"18970520";1
Distribution of linked "o";"19400331";1
Distribution of linked "o";"19780320";1
Distribution of linked "o";"19310605";1
Distribution of linked "o";"20060719";1
Distribution of linked "o";"19840523";1
Distribution of linked "o";"18791216";1
Distribution of linked "o";"19161110";1
Distribution of linked "o";"19500105";1
Distribution of linked "o";"19990815";1
Distribution of linked "o";"18790403";1
Distribution of linked "o";"19350714";1
Distribution of linked "o";"19350715";1
Distribution of linked "o";"18660514";1
Distribution of linked "o";"19210529";1
Distribution of linked "o";"19100122";1
Distribution of linked "o";"19941214";1
Distribution of linked "o";"18661128";1
Distribution of linked "o";"18671128";1
Distribution of linked "o";"19580726";1
Distribution of linked "o";"19580626";1
Distribution of linked "o";"19630604";1
Distribution of linked "o";"Q216060";1
Distribution of linked "o";"19050511";1
Distribution of linked "o";"18080311";1
Distribution of linked "o";"18550613";1
Distribution of linked "o";"17770518";1
Distribution of linked "o";"18630426";1
Distribution of linked "o";"18630429";1
Distribution of linked "o";"Q3368580";1
Distribution of linked "o";"18990828";1
Distribution of linked "o";"19780826";1
Distribution of linked "o";"20020723";1
Distribution of linked "o";"19101029";1
Distribution of linked "o";"18980817";1
Distribution of linked "o";"19450503";1
Distribution of linked "o";"18480610";1
Distribution of linked "o";"18991114";1
Distribution of linked "o";"Q3574233";1
Distribution of linked "o";"18880912";1
Distribution of linked "o";"16160515";1
Distribution of linked "o";"16440516";1
Distribution of linked "o";"19900306";1
Distribution of linked "o";"19801227";1
Distribution of linked "o";"18671119";1
Distribution of linked "o";"19381228";1
Distribution of linked "o";"02560101";1
Distribution of linked "o";"03360101";1
Distribution of linked "o";"19370619";1
Distribution of linked "o";"Q5490183";1
Distribution of linked "o";"19370131";1
Distribution of linked "o";"19740623";1
Distribution of linked "o";"19380725";1
Distribution of linked "o";"Q106126";1
Distribution of linked "o";"19211013";1
Distribution of linked "o";"19911109";1
Distribution of linked "o";"19581210";1
Distribution of linked "o";"19831102";1
Distribution of linked "o";"20150622";1
Distribution of linked "o";"19060927";1
Distribution of linked "o";"19460110";1
Distribution of linked "o";"18620915";1
Distribution of linked "o";"19450615";1
Distribution of linked "o";"19841114";1
Distribution of linked "o";"19610519";1
Distribution of linked "o";"16150610";1
Distribution of linked "o";"19610125";1
Distribution of linked "o";"18430614";1
Distribution of linked "o";"19190219";1
Distribution of linked "o";"20140115";1
Distribution of linked "o";"19290110";1
Distribution of linked "o";"18041108";1
Distribution of linked "o";"18760229";1
Distribution of linked "o";"18730114";1
Distribution of linked "o";"19330319";1
Distribution of linked "o";"Q1330179";1
Distribution of linked "o";"16330223";1
Distribution of linked "o";"17030526";1
Distribution of linked "o";"19010706";1
Distribution of linked "o";"17680205";1
Distribution of linked "o";"18430224";1
Distribution of linked "o";"18411006";1
Distribution of linked "o";"18160719";1
Distribution of linked "o";"18820623";1
Distribution of linked "o";"18320131";1
Distribution of linked "o";"19020530";1
Distribution of linked "o";"19720505";1
Distribution of linked "o";"18871119";1
Distribution of linked "o";"19390427";1
Distribution of linked "o";"19660628";1
Distribution of linked "o";"18600225";1
Distribution of linked "o";"19090628";1
Distribution of linked "o";"18850625";1
Distribution of linked "o";"Q1593388";1
Distribution of linked "o";"19270329";1
Distribution of linked "o";"20150530";1
Distribution of linked "o";"19440427";1
Distribution of linked "o";"Q1936065";1
Distribution of linked "o";"Q526918";1
Distribution of linked "o";"19330718";1
Distribution of linked "o";"18781021";1
Distribution of linked "o";"19470802";1
Distribution of linked "o";"18750927";1
Distribution of linked "o";"19390410";1
Distribution of linked "o";"19931104";1
Distribution of linked "o";"18290531";1
Distribution of linked "o";"19020928";1
Distribution of linked "o";"18960107";1
Distribution of linked "o";"19790509";1
Distribution of linked "o";"19370914";1
Distribution of linked "o";"16650327";1
Distribution of linked "o";"17290815";1
Distribution of linked "o";"18031022";1
Distribution of linked "o";"18710421";1
Distribution of linked "o";"18760828";1
Distribution of linked "o";"19450922";1
Distribution of linked "o";"19330330";1
Distribution of linked "o";"20070530";1
Distribution of linked "o";"17291007";1
Distribution of linked "o";"17921119";1
Distribution of linked "o";"19481212";1
Distribution of linked "o";"15720123";1
Distribution of linked "o";"19470129";1
Distribution of linked "o";"16600220";1
Distribution of linked "o";"17071126";1
Distribution of linked "o";"20020329";1
Distribution of linked "o";"19920408";1
Distribution of linked "o";"19660118";1
Distribution of linked "o";"19591012";1
Distribution of linked "o";"19080129";1
Distribution of linked "o";"19970302";1
Distribution of linked "o";"18921212";1
Distribution of linked "o";"19600727";1
Distribution of linked "o";"Q129121";1
Distribution of linked "o";"17550920";1
Distribution of linked "o";"18270408";1
Distribution of linked "o";"19390312";1
Distribution of linked "o";"19490301";1
Distribution of linked "o";"19501030";1
Distribution of linked "o";"19891002";1
Distribution of linked "o";"15510511";1
Distribution of linked "o";"18900104";1
Distribution of linked "o";"19011210";1
Distribution of linked "o";"15100420";1
Distribution of linked "o";"14460000";1
Distribution of linked "o";"18490923";1
Distribution of linked "o";"19270513";1
Distribution of linked "o";"Q697888";1
Distribution of linked "o";"20110228";1
Distribution of linked "o";"19320506";1
Distribution of linked "o";"19660723";1
Distribution of linked "o";"19610228";1
Distribution of linked "o";"19400703";1
Distribution of linked "o";"19691216";1
Distribution of linked "o";"19130305";1
Distribution of linked "o";"20020808";1
Distribution of linked "o";"19070914";1
Distribution of linked "o";"19960212";1
Distribution of linked "o";"19590827";1
Distribution of linked "o";"19881229";1
Distribution of linked "o";"19310815";1
Distribution of linked "o";"20151010";1
Distribution of linked "o";"16840616";1
Distribution of linked "o";"17500829";1
Distribution of linked "o";"19401214";1
Distribution of linked "o";"19660313";1
Distribution of linked "o";"19831211";1
Distribution of linked "o";"18530627";1
Distribution of linked "o";"18970307";1
Distribution of linked "o";"17090509";1
Distribution of linked "o";"17850625";1
Distribution of linked "o";"18581126";1
Distribution of linked "o";"19291114";1
Distribution of linked "o";"18541213";1
Distribution of linked "o";"19790817";1
Distribution of linked "o";"19290506";1
Distribution of linked "o";"20070327";1
Distribution of linked "o";"Q1742627";1
Distribution of linked "o";"19650112";1
Distribution of linked "o";"19170722";1
Distribution of linked "o";"19410929";1
Distribution of linked "o";"19971014";1
Distribution of linked "o";"19860723";1
Distribution of linked "o";"18510409";1
Distribution of linked "o";"19271128";1
Distribution of linked "o";"19520509";1
Distribution of linked "o";"19430927";1
Distribution of linked "o";"Q3310178";1
Distribution of linked "o";"19490920";1
Distribution of linked "o";"19300925";1
Distribution of linked "o";"19991018";1
Distribution of linked "o";"19970209";1
Distribution of linked "o";"18290224";1
Distribution of linked "o";"15250812";1
Distribution of linked "o";"Q328358";1
Distribution of linked "o";"20050712";1
Distribution of linked "o";"18980910";1
Distribution of linked "o";"19860806";1
Distribution of linked "o";"17840826";1
Distribution of linked "o";"18470525";1
Distribution of linked "o";"19400712";1
Distribution of linked "o";"19660000";1
Distribution of linked "o";"10271203";1
Distribution of linked "o";"09670101";1
Distribution of linked "o";"18970310";1
Distribution of linked "o";"19740612";1
Distribution of linked "o";"17320710";1
Distribution of linked "o";"18100509";1
Distribution of linked "o";"19240223";1
Distribution of linked "o";"20000722";1
Distribution of linked "o";"17111104";1
Distribution of linked "o";"17820711";1
Distribution of linked "o";"19360522";1
Distribution of linked "o";"18171130";1
Distribution of linked "o";"19000211";1
Distribution of linked "o";"18871121";1
Distribution of linked "o";"19450204";1
Distribution of linked "o";"16300504";1
Distribution of linked "o";"19390503";1
Distribution of linked "o";"19230306";1
Distribution of linked "o";"19911108";1
Distribution of linked "o";"20040731";1
Distribution of linked "o";"18830929";1
Distribution of linked "o";"19520414";1
Distribution of linked "o";"19810910";1
Distribution of linked "o";"19520303";1
Distribution of linked "o";"Q469482";1
Distribution of linked "o";"19580516";1
Distribution of linked "o";"19400807";1
Distribution of linked "o";"19580307";1
Distribution of linked "o";"18411222";1
Distribution of linked "o";"19210223";1
Distribution of linked "o";"19201206";1
Distribution of linked "o";"20020831";1
Distribution of linked "o";"19310214";1
Distribution of linked "o";"19270227";1
Distribution of linked "o";"20150804";1
Distribution of linked "o";"19250322";1
Distribution of linked "o";"20070524";1
Distribution of linked "o";"15500120";1
Distribution of linked "o";"16080130";1
Distribution of linked "o";"19660120";1
Distribution of linked "o";"18810625";1
Distribution of linked "o";"19581220";1
Distribution of linked "o";"19500307";1
Distribution of linked "o";"16490807";1
Distribution of linked "o";"16971021";1
Distribution of linked "o";"18130805";1
Distribution of linked "o";"18960923";1
Distribution of linked "o";"19721127";1
Distribution of linked "o";"18170612";1
Distribution of linked "o";"18840330";1
Distribution of linked "o";"18610625";1
Distribution of linked "o";"19280119";1
Distribution of linked "o";"18530904";1
Distribution of linked "o";"19770702";1
Distribution of linked "o";"18561124";1
Distribution of linked "o";"14940820";1
Distribution of linked "o";"17640211";1
Distribution of linked "o";"18320601";1
Distribution of linked "o";"19641215";1
Distribution of linked "o";"Q3939129";1
Distribution of linked "o";"19280502";1
Distribution of linked "o";"20001208";1
Distribution of linked "o";"19670420";1
Distribution of linked "o";"17250212";1
Distribution of linked "o";"17871218";1
Distribution of linked "o";"20090412";1
Distribution of linked "o";"18730701";1
Distribution of linked "o";"19511127";1
Distribution of linked "o";"18880827";1
Distribution of linked "o";"19610112";1
Distribution of linked "o";"11690224";1
Distribution of linked "o";"18320926";1
Distribution of linked "o";"18880915";1
Distribution of linked "o";"14410101";1
Distribution of linked "o";"15110513";1
Distribution of linked "o";"19790409";1
Distribution of linked "o";"19260810";1
Distribution of linked "o";"19980425";1
Distribution of linked "o";"19590922";1
Distribution of linked "o";"18890903";1
Distribution of linked "o";"19770901";1
Distribution of linked "o";"15130606";1
Distribution of linked "o";"19560604";1
Distribution of linked "o";"18770826";1
Distribution of linked "o";"19610509";1
Distribution of linked "o";"19540504";1
Distribution of linked "o";"18890401";1
Distribution of linked "o";"19430123";1
Distribution of linked "o";"19281128";1
Distribution of linked "o";"18970331";1
Distribution of linked "o";"17961227";1
Distribution of linked "o";"18690215";1
Distribution of linked "o";"19031028";1
Distribution of linked "o";"19700620";1
Distribution of linked "o";"17940221";1
Distribution of linked "o";"18510608";1
Distribution of linked "o";"Q2713078";1
Distribution of linked "o";"19380415";1
Distribution of linked "o";"19040821";1
Distribution of linked "o";"19840426";1
Distribution of linked "o";"19011220";1
Distribution of linked "o";"19821227";1
Distribution of linked "o";"17001115";1
Distribution of linked "o";"17730826";1
Distribution of linked "o";"19850821";1
Distribution of linked "o";"19631113";1
Distribution of linked "o";"19030618";1
Distribution of linked "o";"19790511";1
Distribution of linked "o";"19810508";1
Distribution of linked "o";"Q2724719";1
Distribution of linked "o";"19410208";1
Distribution of linked "o";"20111010";1
Distribution of linked "o";"19490813";1
Distribution of linked "o";"19790708";1
Distribution of linked "o";"18730919";1
Distribution of linked "o";"19350415";1
Distribution of linked "o";"19031215";1
Distribution of linked "o";"19480724";1
Distribution of linked "o";"19390126";1
Distribution of linked "o";"17480502";1
Distribution of linked "o";"18360315";1
Distribution of linked "o";"18150814";1
Distribution of linked "o";"17101002";1
Distribution of linked "o";"17840117";1
Distribution of linked "o";"19670226";1
Distribution of linked "o";"18990418";1
Distribution of linked "o";"19820715";1
Distribution of linked "o";"Q158558";1
Distribution of linked "o";"19601118";1
Distribution of linked "o";"19430309";1
Distribution of linked "o";"18850329";1
Distribution of linked "o";"18630326";1
Distribution of linked "o";"18581124";1
Distribution of linked "o";"18741127";1
Distribution of linked "o";"18761126";1
Distribution of linked "o";"19610410";1
Distribution of linked "o";"19450423";1
Distribution of linked "o";"19060809";1
Distribution of linked "o";"19510927";1
Distribution of linked "o";"19200719";1
Distribution of linked "o";"19960506";1
Distribution of linked "o";"18800317";1
Distribution of linked "o";"19600511";1
Distribution of linked "o";"17000000";1
Distribution of linked "o";"16531020";1
Distribution of linked "o";"17160426";1
Distribution of linked "o";"19310223";1
Distribution of linked "o";"19010303";1
Distribution of linked "o";"19700610";1
Distribution of linked "o";"18080216";1
Distribution of linked "o";"18910307";1
Distribution of linked "o";"19350609";1
Distribution of linked "o";"19370615";1
Distribution of linked "o";"19630421";1
Distribution of linked "o";"17530225";1
Distribution of linked "o";"18190621";1
Distribution of linked "o";"18060515";1
Distribution of linked "o";"18670501";1
Distribution of linked "o";"18271024";1
Distribution of linked "o";"18960720";1
Distribution of linked "o";"19870916";1
Distribution of linked "o";"19270901";1
Distribution of linked "o";"18180526";1
Distribution of linked "o";"18961222";1
Distribution of linked "o";"18580715";1
Distribution of linked "o";"19220621";1
Distribution of linked "o";"17760818";1
Distribution of linked "o";"18380129";1
Distribution of linked "o";"Q7572137";1
Distribution of linked "o";"19900826";1
Distribution of linked "o";"19431106";1
Distribution of linked "o";"18201004";1
Distribution of linked "o";"18910905";1
Distribution of linked "o";"19801110";1
Distribution of linked "o";"19440610";1
Distribution of linked "o";"19220823";1
Distribution of linked "o";"19340428";1
Distribution of linked "o";"18250322";1
Distribution of linked "o";"18960807";1
Distribution of linked "o";"17610825";1
Distribution of linked "o";"18150520";1
Distribution of linked "o";"19150827";1
Distribution of linked "o";"20111104";1
Distribution of linked "o";"16610501";1
Distribution of linked "o";"17090905";1
Distribution of linked "o";"Q2378801";1
Distribution of linked "o";"19120119";1
Distribution of linked "o";"19120115";1
Distribution of linked "o";"19821223";1
Distribution of linked "o";"19580422";1
Distribution of linked "o";"20091014";1
Distribution of linked "o";"18860627";1
Distribution of linked "o";"19420719";1
Distribution of linked "o";"19220109";1
Distribution of linked "o";"20111109";1
Distribution of linked "o";"19130719";1
Distribution of linked "o";"18490609";1
Distribution of linked "o";"19041004";1
Distribution of linked "o";"19350126";1
Distribution of linked "o";"14850426";1
Distribution of linked "o";"15180710";1
Distribution of linked "o";"18560114";1
Distribution of linked "o";"19151118";1
Distribution of linked "o";"19441111";1
Distribution of linked "o";"19040905";1
Distribution of linked "o";"19770419";1
Distribution of linked "o";"19571017";1
Distribution of linked "o";"18380402";1
Distribution of linked "o";"18730726";1
Distribution of linked "o";"19450823";1
Distribution of linked "o";"18280421";1
Distribution of linked "o";"18790227";1
Distribution of linked "o";"18190425";1
Distribution of linked "o";"18751103";1
Distribution of linked "o";"18800725";1
Distribution of linked "o";"18651113";1
Distribution of linked "o";"19470222";1
Distribution of linked "o";"18850413";1
Distribution of linked "o";"19100528";1
Distribution of linked "o";"19260807";1
Distribution of linked "o";"19410504";1
Distribution of linked "o";"19131117";1
Distribution of linked "o";"20071221";1
Distribution of linked "o";"19560325";1
Distribution of linked "o";"19220531";1
Distribution of linked "o";"19520213";1
Distribution of linked "o";"19870115";1
Distribution of linked "o";"18580811";1
Distribution of linked "o";"17720619";1
Distribution of linked "o";"19581101";1
Distribution of linked "o";"20030313";1
Distribution of linked "o";"19440516";1
Distribution of linked "o";"19630317";1
Distribution of linked "o";"Q310150";1
Distribution of linked "o";"20100122";1
Distribution of linked "o";"19491016";1
Distribution of linked "o";"19260903";1
Distribution of linked "o";"18090822";1
Distribution of linked "o";"18681002";1
Distribution of linked "o";"19900919";1
Distribution of linked "o";"19151031";1
Distribution of linked "o";"19990123";1
Distribution of linked "o";"14880125";1
Distribution of linked "o";"15310529";1
Distribution of linked "o";"19661001";1
Distribution of linked "o";"19781213";1
Distribution of linked "o";"18560913";1
Distribution of linked "o";"18590224";1
Distribution of linked "o";"18580108";1
Distribution of linked "o";"19410801";1
Distribution of linked "o";"18830726";1
Distribution of linked "o";"19351122";1
Distribution of linked "o";"16020203";1
Distribution of linked "o";"19200927";1
Distribution of linked "o";"19910427";1
Distribution of linked "o";"17711108";1
Distribution of linked "o";"18140415";1
Distribution of linked "o";"19300610";1
Distribution of linked "o";"19401026";1
Distribution of linked "o";"19630514";1
Distribution of linked "o";"17540501";1
Distribution of linked "o";"18261109";1
Distribution of linked "o";"18820508";1
Distribution of linked "o";"19620904";1
Distribution of linked "o";"14970503";1
Distribution of linked "o";"15620701";1
Distribution of linked "o";"14200716";1
Distribution of linked "o";"19230123";1
Distribution of linked "o";"19891111";1
Distribution of linked "o";"19710921";1
Distribution of linked "o";"19250119";1
Distribution of linked "o";"20131227";1
Distribution of linked "o";"18661016";1
Distribution of linked "o";"19100624";1
Distribution of linked "o";"20100111";1
Distribution of linked "o";"19690821";1
Distribution of linked "o";"19530430";1
Distribution of linked "o";"18430413";1
Distribution of linked "o";"18920622";1
Distribution of linked "o";"17390101";1
Distribution of linked "o";"19310622";1
Distribution of linked "o";"19001029";1
Distribution of linked "o";"19450117";1
Distribution of linked "o";"18960121";1
Distribution of linked "o";"19570810";1
Distribution of linked "o";"19521006";1
Distribution of linked "o";"18670117";1
Distribution of linked "o";"19500415";1
Distribution of linked "o";"19400327";1
Distribution of linked "o";"18131028";1
Distribution of linked "o";"19510109";1
Distribution of linked "o";"18691026";1
Distribution of linked "o";"19260401";1
Distribution of linked "o";"18411204";1
Distribution of linked "o";"19080625";1
Distribution of linked "o";"18611017";1
Distribution of linked "o";"19370610";1
Distribution of linked "o";"19680104";1
Distribution of linked "o";"18421110";1
Distribution of linked "o";"19120913";1
Distribution of linked "o";"19021003";1
Distribution of linked "o";"19791104";1
Distribution of linked "o";"16370209";1
Distribution of linked "o";"16880214";1
Distribution of linked "o";"18150526";1
Distribution of linked "o";"18710525";1
Distribution of linked "o";"17990219";1
Distribution of linked "o";"18700930";1
Distribution of linked "o";"18890210";1
Distribution of linked "o";"19470527";1
Distribution of linked "o";"19610327";1
Distribution of linked "o";"Q6766228";1
Distribution of linked "o";"19540615";1
Distribution of linked "o";"18840701";1
Distribution of linked "o";"19620309";1
Distribution of linked "o";"18881107";1
Distribution of linked "o";"18800128";1
Distribution of linked "o";"19410330";1
Distribution of linked "o";"19040430";1
Distribution of linked "o";"19820428";1
Distribution of linked "o";"12821109";1
Distribution of linked "o";"19430719";1
Distribution of linked "o";"18520222";1
Distribution of linked "o";"19180514";1
Distribution of linked "o";"19530414";1
Distribution of linked "o";"18780422";1
Distribution of linked "o";"19620130";1
Distribution of linked "o";"19620410";1
Distribution of linked "o";"20110925";1
Distribution of linked "o";"16031006";1
Distribution of linked "o";"15460204";1
Distribution of linked "o";"20060727";1
Distribution of linked "o";"20060725";1
Distribution of linked "o";"19360316";1
Distribution of linked "o";"18861103";1
Distribution of linked "o";"19420223";1
Distribution of linked "o";"18971210";1
Distribution of linked "o";"19690822";1
Distribution of linked "o";"19151227";1
Distribution of linked "o";"19070823";1
Distribution of linked "o";"19110720";1
Distribution of linked "o";"19971027";1
Distribution of linked "o";"20060707";1
Distribution of linked "o";"16891227";1
Distribution of linked "o";"17510606";1
Distribution of linked "o";"18891009";1
Distribution of linked "o";"17980608";1
Distribution of linked "o";"18450228";1
Distribution of linked "o";"18210623";1
Distribution of linked "o";"17300315";1
Distribution of linked "o";"17300326";1
Distribution of linked "o";"18060603";1
Distribution of linked "o";"17680908";1
Distribution of linked "o";"18620417";1
Distribution of linked "o";"20010523";1
Distribution of linked "o";"18580629";1
Distribution of linked "o";"19330607";1
Distribution of linked "o";"18470627";1
Distribution of linked "o";"19200229";1
Distribution of linked "o";"18730530";1
Distribution of linked "o";"18390906";1
Distribution of linked "o";"18830427";1
Distribution of linked "o";"18040117";1
Distribution of linked "o";"18480614";1
Distribution of linked "o";"18190228";1
Distribution of linked "o";"18821115";1
Distribution of linked "o";"19500106";1
Distribution of linked "o";"16020214";1
Distribution of linked "o";"16760114";1
Distribution of linked "o";"18770822";1
Distribution of linked "o";"17990904";1
Distribution of linked "o";"18580114";1
Distribution of linked "o";"18100902";1
Distribution of linked "o";"18740602";1
Distribution of linked "o";"18640327";1
Distribution of linked "o";"18600601";1
Distribution of linked "o";"14470512";1
Distribution of linked "o";"19621219";1
Distribution of linked "o";"19700808";1
Distribution of linked "o";"19570222";1
Distribution of linked "o";"19860425";1
Distribution of linked "o";"20051228";1
Distribution of linked "o";"18430116";1
Distribution of linked "o";"19140801";1
Distribution of linked "o";"19020517";1
Distribution of linked "o";"19790818";1
Distribution of linked "o";"19130422";1
Distribution of linked "o";"19330801";1
Distribution of linked "o";"19800326";1
Distribution of linked "o";"15140222";1
Distribution of linked "o";"15810712";1
Distribution of linked "o";"18950603";1
Distribution of linked "o";"19350918";1
Distribution of linked "o";"17010621";1
Distribution of linked "o";"18871114";1
Distribution of linked "o";"19541104";1
Distribution of linked "o";"18240503";1
Distribution of linked "o";"18990823";1
Distribution of linked "o";"19330223";1
Distribution of linked "o";"18620209";1
Distribution of linked "o";"19420816";1
Distribution of linked "o";"19000428";1
Distribution of linked "o";"19621203";1
Distribution of linked "o";"19420609";1
Distribution of linked "o";"19881226";1
Distribution of linked "o";"19660626";1
Distribution of linked "o";"19660226";1
Distribution of linked "o";"Q310695";1
Distribution of linked "o";"19260712";1
Distribution of linked "o";"20091228";1
Distribution of linked "o";"20130420";1
Distribution of linked "o";"18460924";1
Distribution of linked "o";"19260415";1
Distribution of linked "o";"19151215";1
Distribution of linked "o";"19340326";1
Distribution of linked "o";"19920220";1
Distribution of linked "o";"18791217";1
Distribution of linked "o";"19611114";1
Distribution of linked "o";"18831226";1
Distribution of linked "o";"19551105";1
Distribution of linked "o";"17580408";1
Distribution of linked "o";"18401007";1
Distribution of linked "o";"19440401";1
Distribution of linked "o";"19641104";1
Distribution of linked "o";"18810331";1
Distribution of linked "o";"19521015";1
Distribution of linked "o";"18880609";1
Distribution of linked "o";"19411020";1
Distribution of linked "o";"19690305";1
Distribution of linked "o";"19131128";1
Distribution of linked "o";"Q5607657";1
Distribution of linked "o";"19160405";1
Distribution of linked "o";"20030612";1
Distribution of linked "o";"16930401";1
Distribution of linked "o";"17780916";1
Distribution of linked "o";"19760719";1
Distribution of linked "o";"18190521";1
Distribution of linked "o";"19030414";1
Distribution of linked "o";"19990802";1
Distribution of linked "o";"18840106";1
Distribution of linked "o";"19520713";1
Distribution of linked "o";"18150513";1
Distribution of linked "o";"18991026";1
Distribution of linked "o";"18440616";1
Distribution of linked "o";"19180330";1
Distribution of linked "o";"16250930";1
Distribution of linked "o";"17060814";1
Distribution of linked "o";"20060103";1
Distribution of linked "o";"18600130";1
Distribution of linked "o";"19370716";1
Distribution of linked "o";"18740323";1
Distribution of linked "o";"16411014";1
Distribution of linked "o";"17190119";1
Distribution of linked "o";"19930812";1
Distribution of linked "o";"19010120";1
Distribution of linked "o";"19910626";1
Distribution of linked "o";"19170903";1
Distribution of linked "o";"20111203";1
Distribution of linked "o";"19340820";1
Distribution of linked "o";"19730831";1
Distribution of linked "o";"20140719";1
Distribution of linked "o";"19250712";1
Distribution of linked "o";"20150630";1
Distribution of linked "o";"17081227";1
Distribution of linked "o";"17760919";1
Distribution of linked "o";"18120718";1
Distribution of linked "o";"18911114";1
Distribution of linked "o";"19880306";1
Distribution of linked "o";"19170316";1
Distribution of linked "o";"20070107";1
Distribution of linked "o";"18610724";1
Distribution of linked "o";"19361015";1
Distribution of linked "o";"18080202";1
Distribution of linked "o";"18870303";1
Distribution of linked "o";"18680310";1
Distribution of linked "o";"18080308";1
Distribution of linked "o";"18820929";1
Distribution of linked "o";"17450806";1
Distribution of linked "o";"18310830";1
Distribution of linked "o";"19150829";1
Distribution of linked "o";"19901022";1
Distribution of linked "o";"18100820";1
Distribution of linked "o";"13020101";1
Distribution of linked "o";"12280101";1
Distribution of linked "o";"19240203";1
Distribution of linked "o";"19950618";1
Distribution of linked "o";"19150403";1
Distribution of linked "o";"19900503";1
Distribution of linked "o";"16881005";1
Distribution of linked "o";"17500614";1
Distribution of linked "o";"19480607";1
Distribution of linked "o";"17590116";1
Distribution of linked "o";"18310221";1
Distribution of linked "o";"16910108";1
Distribution of linked "o";"17550305";1
Distribution of linked "o";"17550304";1
Distribution of linked "o";"18980411";1
Distribution of linked "o";"19620901";1
Distribution of linked "o";"19210905";1
Distribution of linked "o";"18500601";1
Distribution of linked "o";"19220116";1
Distribution of linked "o";"Q719035";1
Distribution of linked "o";"19460425";1
Distribution of linked "o";"18801031";1
Distribution of linked "o";"19750720";1
Distribution of linked "o";"20040203";1
Distribution of linked "o";"18070106";1
Distribution of linked "o";"18831125";1
Distribution of linked "o";"18920127";1
Distribution of linked "o";"17990726";1
Distribution of linked "o";"18510913";1
Distribution of linked "o";"17470323";1
Distribution of linked "o";"18020618";1
Distribution of linked "o";"19600523";1
Distribution of linked "o";"17540306";1
Distribution of linked "o";"18351016";1
Distribution of linked "o";"18831120";1
Distribution of linked "o";"19510903";1
Distribution of linked "o";"19051030";1
Distribution of linked "o";"18440925";1
Distribution of linked "o";"15400901";1
Distribution of linked "o";"18900730";1
Distribution of linked "o";"19720618";1
Distribution of linked "o";"19511203";1
Distribution of linked "o";"17690531";1
Distribution of linked "o";"18510515";1
Distribution of linked "o";"18430324";1
Distribution of linked "o";"19260501";1
Distribution of linked "o";"19211009";1
Distribution of linked "o";"20020207";1
Distribution of linked "o";"18230315";1
Distribution of linked "o";"18951115";1
Distribution of linked "o";"19670517";1
Distribution of linked "o";"19601217";1
Distribution of linked "o";"18260105";1
Distribution of linked "o";"18811124";1
Distribution of linked "o";"20120824";1
Distribution of linked "o";"19490315";1
Distribution of linked "o";"19480916";1
Distribution of linked "o";"19040522";1
Distribution of linked "o";"19940302";1
Distribution of linked "o";"17821005";1
Distribution of linked "o";"18050420";1
Distribution of linked "o";"18800924";1
Distribution of linked "o";"18591104";1
Distribution of linked "o";"18200823";1
Distribution of linked "o";"18920110";1
Distribution of linked "o";"18380618";1
Distribution of linked "o";"19070929";1
Distribution of linked "o";"19620528";1
Distribution of linked "o";"19090531";1
Distribution of linked "o";"19850206";1
Distribution of linked "o";"Q298116";1
Distribution of linked "o";"15890907";1
Distribution of linked "o";"16151226";1
Distribution of linked "o";"18231024";1
Distribution of linked "o";"18950226";1
Distribution of linked "o";"19540929";1
Distribution of linked "o";"19860403";1
Distribution of linked "o";"19460905";1
Distribution of linked "o";"18981113";1
Distribution of linked "o";"18571102";1
Distribution of linked "o";"19410303";1
Distribution of linked "o";"19410803";1
Distribution of linked "o";"19490701";1
Distribution of linked "o";"15070807";1
Distribution of linked "o";"15681127";1
Distribution of linked "o";"19111225";1
Distribution of linked "o";"20130520";1
Distribution of linked "o";"Q213322";1
Distribution of linked "o";"Q158158";1
Distribution of linked "o";"19550116";1
Distribution of linked "o";"19310725";1
Distribution of linked "o";"20071228";1
Distribution of linked "o";"14961202";1
Distribution of linked "o";"15440912";1
Distribution of linked "o";"19250115";1
Distribution of linked "o";"19670907";1
Distribution of linked "o";"18670516";1
Distribution of linked "o";"19580728";1
Distribution of linked "o";"19771212";1
Distribution of linked "o";"15170101";1
Distribution of linked "o";"19500706";1
Distribution of linked "o";"19610411";1
Distribution of linked "o";"19210720";1
Distribution of linked "o";"20060403";1
Distribution of linked "o";"18780805";1
Distribution of linked "o";"19720122";1
Distribution of linked "o";"18731012";1
Distribution of linked "o";"19610130";1
Distribution of linked "o";"20140728";1
Distribution of linked "o";"19690828";1
Distribution of linked "o";"19370618";1
Distribution of linked "o";"18691028";1
Distribution of linked "o";"19540709";1
Distribution of linked "o";"19140821";1
Distribution of linked "o";"20030806";1
Distribution of linked "o";"19270815";1
Distribution of linked "o";"19580301";1
Distribution of linked "o";"18801008";1
Distribution of linked "o";"19600715";1
Distribution of linked "o";"19120212";1
Distribution of linked "o";"20070528";1
Distribution of linked "o";"19000928";1
Distribution of linked "o";"19761215";1
Distribution of linked "o";"15610930";1
Distribution of linked "o";"18600418";1
Distribution of linked "o";"19410110";1
Distribution of linked "o";"19421026";1
Distribution of linked "o";"18250412";1
Distribution of linked "o";"18920910";1
Distribution of linked "o";"19290219";1
Distribution of linked "o";"20101016";1
Distribution of linked "o";"19460820";1
Distribution of linked "o";"18420417";1
Distribution of linked "o";"19000518";1
Distribution of linked "o";"19340422";1
Distribution of linked "o";"18040814";1
Distribution of linked "o";"18820809";1
Distribution of linked "o";"19400519";1
Distribution of linked "o";"19631210";1
Distribution of linked "o";"19350105";1
Distribution of linked "o";"19920809";1
Distribution of linked "o";"19301120";1
Distribution of linked "o";"20111101";1
Distribution of linked "o";"19291023";1
Distribution of linked "o";"19671008";1
Distribution of linked "o";"19960317";1
Distribution of linked "o";"19611109";1
Distribution of linked "o";"19131115";1
Distribution of linked "o";"19450000";1
Distribution of linked "o";"19491101";1
Distribution of linked "o";"19281029";1
Distribution of linked "o";"19920730";1
Distribution of linked "o";"19490604";1
Distribution of linked "o";"16570210";1
Distribution of linked "o";"15870101";1
Distribution of linked "o";"18170119";1
Distribution of linked "o";"19481011";1
Distribution of linked "o";"18960722";1
Distribution of linked "o";"19680420";1
Distribution of linked "o";"19680419";1
Distribution of linked "o";"18780114";1
Distribution of linked "o";"19610530";1
Distribution of linked "o";"19301020";1
Distribution of linked "o";"20080117";1
Distribution of linked "o";"18680113";1
Distribution of linked "o";"19320216";1
Distribution of linked "o";"19441201";1
Distribution of linked "o";"19650816";1
Distribution of linked "o";"19280907";1
Distribution of linked "o";"19850629";1
Distribution of linked "o";"19771001";1
Distribution of linked "o";"19530725";1
Distribution of linked "o";"19541114";1
Distribution of linked "o";"19380804";1
Distribution of linked "o";"19410226";1
Distribution of linked "o";"18960907";1
Distribution of linked "o";"19750127";1
Distribution of linked "o";"15021213";1
Distribution of linked "o";"15550521";1
Distribution of linked "o";"19670104";1
Distribution of linked "o";"19081226";1
Distribution of linked "o";"18030118";1
Distribution of linked "o";"18850222";1
Distribution of linked "o";"15980415";1
Distribution of linked "o";"15310904";1
Distribution of linked "o";"18701015";1
Distribution of linked "o";"19410129";1
Distribution of linked "o";"18340206";1
Distribution of linked "o";"19110416";1
Distribution of linked "o";"18290316";1
Distribution of linked "o";"19080603";1
Distribution of linked "o";"19850326";1
Distribution of linked "o";"19850208";1
Distribution of linked "o";"19381022";1
Distribution of linked "o";"18150910";1
Distribution of linked "o";"18341019";1
Distribution of linked "o";"18240717";1
Distribution of linked "o";"18240707";1
Distribution of linked "o";"18861127";1
Distribution of linked "o";"18950420";1
Distribution of linked "o";"19040212";1
Distribution of linked "o";"19421020";1
Distribution of linked "o";"19381013";1
Distribution of linked "o";"19020706";1
Distribution of linked "o";"15940407";1
Distribution of linked "o";"18430120";1
Distribution of linked "o";"19140130";1
Distribution of linked "o";"18790603";1
Distribution of linked "o";"18780915";1
Distribution of linked "o";"19470201";1
Distribution of linked "o";"18001229";1
Distribution of linked "o";"19640829";1
Distribution of linked "o";"19041226";1
Distribution of linked "o";"19870216";1
Distribution of linked "o";"18980908";1
Distribution of linked "o";"18750323";1
Distribution of linked "o";"18591212";1
Distribution of linked "o";"19310506";1
Distribution of linked "o";"18680121";1
Distribution of linked "o";"19270611";1
Distribution of linked "o";"17801017";1
Distribution of linked "o";"18501119";1
Distribution of linked "o";"18400219";1
Distribution of linked "o";"19160819";1
Distribution of linked "o";"18150504";1
Distribution of linked "o";"18720304";1
Distribution of linked "o";"19300129";1
Distribution of linked "o";"18520417";1
Distribution of linked "o";"19280513";1
Distribution of linked "o";"19071110";1
Distribution of linked "o";"20010608";1
Distribution of linked "o";"18751130";1
Distribution of linked "o";"19350325";1
Distribution of linked "o";"17730611";1
Distribution of linked "o";"18530313";1
Distribution of linked "o";"18631215";1
Distribution of linked "o";"19350116";1
Distribution of linked "o";"18561006";1
Distribution of linked "o";"18430703";1
Distribution of linked "o";"18890808";1
Distribution of linked "o";"19010918";1
Distribution of linked "o";"Q84340";1
Distribution of linked "o";"18901229";1
Distribution of linked "o";"18891229";1
Distribution of linked "o";"19571225";1
Distribution of linked "o";"19170905";1
Distribution of linked "o";"19780522";1
Distribution of linked "o";"18850129";1
Distribution of linked "o";"18060223";1
Distribution of linked "o";"18920629";1
Distribution of linked "o";"19630601";1
Distribution of linked "o";"19020623";1
Distribution of linked "o";"19691203";1
Distribution of linked "o";"18320415";1
Distribution of linked "o";"16580101";1
Distribution of linked "o";"19400823";1
Distribution of linked "o";"19771226";1
Distribution of linked "o";"19740521";1
Distribution of linked "o";"19270213";1
Distribution of linked "o";"19420925";1
Distribution of linked "o";"17571212";1
Distribution of linked "o";"18420607";1
Distribution of linked "o";"-00540101";1
Distribution of linked "o";"-00190101";1
Distribution of linked "o";"17450321";1
Distribution of linked "o";"18040710";1
Distribution of linked "o";"19171010";1
Distribution of linked "o";"19820217";1
Distribution of linked "o";"17270405";1
Distribution of linked "o";"17890106";1
Distribution of linked "o";"18890804";1
Distribution of linked "o";"19740503";1
Distribution of linked "o";"17070216";1
Distribution of linked "o";"17821226";1
Distribution of linked "o";"19590405";1
Distribution of linked "o";"18590710";1
Distribution of linked "o";"19300131";1
Distribution of linked "o";"17231114";1
Distribution of linked "o";"17500823";1
Distribution of linked "o";"18800502";1
Distribution of linked "o";"19610110";1
Distribution of linked "o";"17940902";1
Distribution of linked "o";"19990915";1
Distribution of linked "o";"19860923";1
Distribution of linked "o";"18210818";1
Distribution of linked "o";"18900813";1
Distribution of linked "o";"19801114";1
Distribution of linked "o";"18130317";1
Distribution of linked "o";"19010102";1
Distribution of linked "o";"Q5598";1
Distribution of linked "o";"16120802";1
Distribution of linked "o";"16420614";1
Distribution of linked "o";"18560811";1
Distribution of linked "o";"19270328";1
Distribution of linked "o";"18530228";1
Distribution of linked "o";"19201022";1
Distribution of linked "o";"18810614";1
Distribution of linked "o";"19550313";1
Distribution of linked "o";"Q857338";1
Distribution of linked "o";"19461116";1
Distribution of linked "o";"20060804";1
Distribution of linked "o";"19700727";1
Distribution of linked "o";"18920211";1
Distribution of linked "o";"19750122";1
Distribution of linked "o";"20140109";1
Distribution of linked "o";"19771127";1
Distribution of linked "o";"20100302";1
Distribution of linked "o";"18710228";1
Distribution of linked "o";"19440409";1
Distribution of linked "o";"18870912";1
Distribution of linked "o";"19421021";1
Distribution of linked "o";"18380108";1
Distribution of linked "o";"19630307";1
Distribution of linked "o";"19020807";1
Distribution of linked "o";"18670218";1
Distribution of linked "o";"19681104";1
Distribution of linked "o";"19860131";1
Distribution of linked "o";"18721123";1
Distribution of linked "o";"19410905";1
Distribution of linked "o";"18530526";1
Distribution of linked "o";"19360119";1
Distribution of linked "o";"19540611";1
Distribution of linked "o";"16660710";1
Distribution of linked "o";"17111103";1
Distribution of linked "o";"19300521";1
Distribution of linked "o";"18750526";1
Distribution of linked "o";"19390127";1
Distribution of linked "o";"19510714";1
Distribution of linked "o";"20030917";1
Distribution of linked "o";"19721103";1
Distribution of linked "o";"19630820";1
Distribution of linked "o";"06390119";1
Distribution of linked "o";"06110000";1
Distribution of linked "o";"19450628";1
Distribution of linked "o";"19011211";1
Distribution of linked "o";"19731222";1
Distribution of linked "o";"18840928";1
Distribution of linked "o";"19371125";1
Distribution of linked "o";"19020105";1
Distribution of linked "o";"16130917";1
Distribution of linked "o";"19110717";1
Distribution of linked "o";"19461030";1
Distribution of linked "o";"19861213";1
Distribution of linked "o";"19600818";1
Distribution of linked "o";"19150126";1
Distribution of linked "o";"20150612";1
Distribution of linked "o";"18741115";1
Distribution of linked "o";"19481202";1
Distribution of linked "o";"18900225";1
Distribution of linked "o";"17281101";1
Distribution of linked "o";"18161202";1
Distribution of linked "o";"19680920";1
Distribution of linked "o";"18610617";1
Distribution of linked "o";"18770519";1
Distribution of linked "o";"19050119";1
Distribution of linked "o";"19570620";1
Distribution of linked "o";"18940406";1
Distribution of linked "o";"19640212";1
Distribution of linked "o";"14211117";1
Distribution of linked "o";"18350515";1
Distribution of linked "o";"19130907";1
Distribution of linked "o";"19240815";1
Distribution of linked "o";"20160526";1
Distribution of linked "o";"19670725";1
Distribution of linked "o";"18670415";1
Distribution of linked "o";"15110101";1
Distribution of linked "o";"19910516";1
Distribution of linked "o";"19050919";1
Distribution of linked "o";"19441027";1
Distribution of linked "o";"18271127";1
Distribution of linked "o";"18950512";1
Distribution of linked "o";"19820328";1
Distribution of linked "o";"18480201";1
Distribution of linked "o";"19990113";1
Distribution of linked "o";"15750101";1
Distribution of linked "o";"19620416";1
Distribution of linked "o";"19920609";1
Distribution of linked "o";"19120530";1
Distribution of linked "o";"20041229";1
Distribution of linked "o";"19640531";1
Distribution of linked "o";"Q329607";1
Distribution of linked "o";"19211019";1
Distribution of linked "o";"19950915";1
Distribution of linked "o";"19410705";1
Distribution of linked "o";"20070119";1
Distribution of linked "o";"19450908";1
Distribution of linked "o";"18511201";1
Distribution of linked "o";"19270417";1
Distribution of linked "o";"17790531";1
Distribution of linked "o";"18440905";1
Distribution of linked "o";"18560420";1
Distribution of linked "o";"19340524";1
Distribution of linked "o";"18481026";1
Distribution of linked "o";"19260801";1
Distribution of linked "o";"17970115";1
Distribution of linked "o";"18460919";1
Distribution of linked "o";"17621125";1
Distribution of linked "o";"18370211";1
Distribution of linked "o";"19401111";1
Distribution of linked "o";"18470120";1
Distribution of linked "o";"18700426";1
Distribution of linked "o";"15630920";1
Distribution of linked "o";"18761226";1
Distribution of linked "o";"19620613";1
Distribution of linked "o";"14680803";1
Distribution of linked "o";"15780806";1
Distribution of linked "o";"18770330";1
Distribution of linked "o";"18860430";1
Distribution of linked "o";"11300315";1
Distribution of linked "o";"15881125";1
Distribution of linked "o";"16240228";1
Distribution of linked "o";"19101011";1
Distribution of linked "o";"19280207";1
Distribution of linked "o";"18611220";1
Distribution of linked "o";"08650203";1
Distribution of linked "o";"08010908";1
Distribution of linked "o";"15600328";1
Distribution of linked "o";"18940523";1
Distribution of linked "o";"19680422";1
Distribution of linked "o";"18590902";1
Distribution of linked "o";"18450130";1
Distribution of linked "o";"19200508";1
Distribution of linked "o";"19330706";1
Distribution of linked "o";"20120816";1
Distribution of linked "o";"17650806";1
Distribution of linked "o";"18281031";1
Distribution of linked "o";"19430902";1
Distribution of linked "o";"19200422";1
Distribution of linked "o";"19990720";1
Distribution of linked "o";"19111213";1
Distribution of linked "o";"19950920";1
Distribution of linked "o";"15760524";1
Distribution of linked "o";"16480101";1
Distribution of linked "o";"18940304";1
Distribution of linked "o";"19870401";1
Distribution of linked "o";"18830118";1
Distribution of linked "o";"19770909";1
Distribution of linked "o";"19121127";1
Distribution of linked "o";"20040707";1
Distribution of linked "o";"19080117";1
Distribution of linked "o";"Q4726119";1
Distribution of linked "o";"19710717";1
Distribution of linked "o";"19710719";1
Distribution of linked "o";"19230312";1
Distribution of linked "o";"20070503";1
Distribution of linked "o";"19001020";1
Distribution of linked "o";"19681201";1
Distribution of linked "o";"18240211";1
Distribution of linked "o";"19091128";1
Distribution of linked "o";"19121014";1
Distribution of linked "o";"20000828";1
Distribution of linked "o";"19100502";1
Distribution of linked "o";"19780205";1
Distribution of linked "o";"19050227";1
Distribution of linked "o";"19830307";1
Distribution of linked "o";"18990817";1
Distribution of linked "o";"19560908";1
Distribution of linked "o";"19280915";1
Distribution of linked "o";"19750808";1
Distribution of linked "o";"19100611";1
Distribution of linked "o";"20011010";1
Distribution of linked "o";"19530210";1
Distribution of linked "o";"18830524";1
Distribution of linked "o";"19451104";1
Distribution of linked "o";"16900612";1
Distribution of linked "o";"17540916";1
Distribution of linked "o";"19470904";1
Distribution of linked "o";"19430509";1
Distribution of linked "o";"19051221";1
Distribution of linked "o";"19330912";1
Distribution of linked "o";"19501019";1
Distribution of linked "o";"17600505";1
Distribution of linked "o";"18360404";1
Distribution of linked "o";"19110312";1
Distribution of linked "o";"19450417";1
Distribution of linked "o";"19220422";1
Distribution of linked "o";"19991126";1
Distribution of linked "o";"18971110";1
Distribution of linked "o";"19850124";1
Distribution of linked "o";"18961007";1
Distribution of linked "o";"19590718";1
Distribution of linked "o";"19511128";1
Distribution of linked "o";"20070228";1
Distribution of linked "o";"18641101";1
Distribution of linked "o";"19501123";1
Distribution of linked "o";"19591010";1
Distribution of linked "o";"18951201";1
Distribution of linked "o";"18060127";1
Distribution of linked "o";"18940604";1
Distribution of linked "o";"19710803";1
Distribution of linked "o";"19070122";1
Distribution of linked "o";"19801210";1
Distribution of linked "o";"19090827";1
Distribution of linked "o";"19600813";1
Distribution of linked "o";"19550503";1
Distribution of linked "o";"19650503";1
Distribution of linked "o";"Q49167";1
Distribution of linked "o";"19220115";1
Distribution of linked "o";"19280919";1
Distribution of linked "o";"19981214";1
Distribution of linked "o";"18570215";1
Distribution of linked "o";"19270201";1
Distribution of linked "o";"19711105";1
Distribution of linked "o";"20080913";1
Distribution of linked "o";"19650923";1
Distribution of linked "o";"19520407";1
Distribution of linked "o";"19200812";1
Distribution of linked "o";"20010204";1
Distribution of linked "o";"19881030";1
Distribution of linked "o";"18820902";1
Distribution of linked "o";"18950627";1
Distribution of linked "o";"19660801";1
Distribution of linked "o";"19481024";1
Distribution of linked "o";"19160815";1
Distribution of linked "o";"20030510";1
Distribution of linked "o";"19430810";1
Distribution of linked "o";"19270627";1
Distribution of linked "o";"15110606";1
Distribution of linked "o";"15870509";1
Distribution of linked "o";"19560705";1
Distribution of linked "o";"16110313";1
Distribution of linked "o";"15300217";1
Distribution of linked "o";"19340717";1
Distribution of linked "o";"18751229";1
Distribution of linked "o";"18230124";1
Distribution of linked "o";"19371028";1
Distribution of linked "o";"20110423";1
Distribution of linked "o";"18580111";1
Distribution of linked "o";"19170725";1
Distribution of linked "o";"19291230";1
Distribution of linked "o";"20160731";1
Distribution of linked "o";"18871201";1
Distribution of linked "o";"19550401";1
Distribution of linked "o";"19020729";1
Distribution of linked "o";"17250601";1
Distribution of linked "o";"17890702";1
Distribution of linked "o";"18870529";1
Distribution of linked "o";"19520225";1
Distribution of linked "o";"19201119";1
Distribution of linked "o";"15900827";1
Distribution of linked "o";"16550516";1
Distribution of linked "o";"18880111";1
Distribution of linked "o";"19420222";1
Distribution of linked "o";"19000107";1
Distribution of linked "o";"15960410";1
Distribution of linked "o";"18890213";1
Distribution of linked "o";"19400730";1
Distribution of linked "o";"20070207";1
Distribution of linked "o";"19120823";1
Distribution of linked "o";"19130904";1
Distribution of linked "o";"19100828";1
Distribution of linked "o";"19850226";1
Distribution of linked "o";"20011106";1
Distribution of linked "o";"19070804";1
Distribution of linked "o";"18170614";1
Distribution of linked "o";"19431203";1
Distribution of linked "o";"19800211";1
Distribution of linked "o";"19401225";1
Distribution of linked "o";"19711018";1
Distribution of linked "o";"19660920";1
Distribution of linked "o";"19640705";1
Distribution of linked "o";"20101029";1
Distribution of linked "o";"19240602";1
Distribution of linked "o";"19931125";1
Distribution of linked "o";"15231010";1
Distribution of linked "o";"15920722";1
Distribution of linked "o";"19650914";1
Distribution of linked "o";"16931014";1
Distribution of linked "o";"17520128";1
Distribution of linked "o";"19111217";1
Distribution of linked "o";"19260513";1
Distribution of linked "o";"17970110";1
Distribution of linked "o";"18700308";1
Distribution of linked "o";"19251130";1
Distribution of linked "o";"19691123";1
Distribution of linked "o";"17810228";1
Distribution of linked "o";"18670822";1
Distribution of linked "o";"18881220";1
Distribution of linked "o";"19520605";1
Distribution of linked "o";"18971015";1
Distribution of linked "o";"19321107";1
Distribution of linked "o";"18150525";1
Distribution of linked "o";"18880303";1
Distribution of linked "o";"18870115";1
Distribution of linked "o";"19341229";1
Distribution of linked "o";"19741014";1
Distribution of linked "o";"19100818";1
Distribution of linked "o";"19741020";1
Distribution of linked "o";"18870928";1
Distribution of linked "o";"19700224";1
Distribution of linked "o";"19470704";1
Distribution of linked "o";"18940519";1
Distribution of linked "o";"19580311";1
Distribution of linked "o";"19570704";1
Distribution of linked "o";"18120923";1
Distribution of linked "o";"18960309";1
Distribution of linked "o";"19871113";1
Distribution of linked "o";"19280510";1
Distribution of linked "o";"17210316";1
Distribution of linked "o";"17970226";1
Distribution of linked "o";"19230315";1
Distribution of linked "o";"19840410";1
Distribution of linked "o";"19110628";1
Distribution of linked "o";"19610829";1
Distribution of linked "o";"19400310";1
Distribution of linked "o";"18900521";1
Distribution of linked "o";"19370410";1
Distribution of linked "o";"19940531";1
Distribution of linked "o";"19221004";1
Distribution of linked "o";"20090221";1
Distribution of linked "o";"19650516";1
Distribution of linked "o";"19380919";1
Distribution of linked "o";"19161227";1
Distribution of linked "o";"19940717";1
Distribution of linked "o";"18780902";1
Distribution of linked "o";"18661213";1
Distribution of linked "o";"19350817";1
Distribution of linked "o";"18800321";1
Distribution of linked "o";"19620225";1
Distribution of linked "o";"19570302";1
Distribution of linked "o";"18391110";1
Distribution of linked "o";"18890424";1
Distribution of linked "o";"18820726";1
Distribution of linked "o";"18780116";1
Distribution of linked "o";"19270221";1
Distribution of linked "o";"19721106";1
Distribution of linked "o";"18470128";1
Distribution of linked "o";"19291215";1
Distribution of linked "o";"18890130";1
Distribution of linked "o";"19070131";1
Distribution of linked "o";"19320328";1
Distribution of linked "o";"18420827";1
Distribution of linked "o";"19290923";1
Distribution of linked "o";"18150319";1
Distribution of linked "o";"19460205";1
Distribution of linked "o";"18740317";1
Distribution of linked "o";"18540719";1
Distribution of linked "o";"18480301";1
Distribution of linked "o";"19340308";1
Distribution of linked "o";"18861126";1
Distribution of linked "o";"19550302";1
Distribution of linked "o";"18290307";1
Distribution of linked "o";"18780410";1
Distribution of linked "o";"18430529";1
Distribution of linked "o";"19191124";1
Distribution of linked "o";"18661204";1
Distribution of linked "o";"19280329";1
Distribution of linked "o";"18960614";1
Distribution of linked "o";"19860608";1
Distribution of linked "o";"18881121";1
Distribution of linked "o";"18881021";1
Distribution of linked "o";"20000703";1
Distribution of linked "o";"15310901";1
Distribution of linked "o";"19390619";1
Distribution of linked "o";"20160406";1
Distribution of linked "o";"19671106";1
Distribution of linked "o";"19290727";1
Distribution of linked "o";"19630530";1
Distribution of linked "o";"15570629";1
Distribution of linked "o";"15850523";1
Distribution of linked "o";"19120406";1
Distribution of linked "o";"20081107";1
Distribution of linked "o";"-01610101";1
Distribution of linked "o";"18960616";1
Distribution of linked "o";"18640216";1
Distribution of linked "o";"19780304";1
Distribution of linked "o";"19790420";1
Distribution of linked "o";"19420513";1
Distribution of linked "o";"19501130";1
Distribution of linked "o";"18720306";1
Distribution of linked "o";"19251214";1
Distribution of linked "o";"18050514";1
Distribution of linked "o";"18760506";1
Distribution of linked "o";"19790103";1
Distribution of linked "o";"19580730";1
Distribution of linked "o";"19210419";1
Distribution of linked "o";"20061101";1
Distribution of linked "o";"18080905";1
Distribution of linked "o";"18610429";1
Distribution of linked "o";"19620505";1
Distribution of linked "o";"18850717";1
Distribution of linked "o";"19600305";1
Distribution of linked "o";"19620914";1
Distribution of linked "o";"18870309";1
Distribution of linked "o";"19841030";1
Distribution of linked "o";"19430706";1
Distribution of linked "o";"19180414";1
Distribution of linked "o";"19370715";1
Distribution of linked "o";"19871010";1
Distribution of linked "o";"20140106";1
Distribution of linked "o";"19490223";1
Distribution of linked "o";"18761026";1
Distribution of linked "o";"19480117";1
Distribution of linked "o";"19570925";1
Distribution of linked "o";"19140616";1
Distribution of linked "o";"18940607";1
Distribution of linked "o";"18270411";1
Distribution of linked "o";"19631004";1
Distribution of linked "o";"19180918";1
Distribution of linked "o";"18710803";1
Distribution of linked "o";"17050101";1
Distribution of linked "o";"17700101";1
Distribution of linked "o";"18900528";1
Distribution of linked "o";"17920919";1
Distribution of linked "o";"18771214";1
Distribution of linked "o";"19131009";1
Distribution of linked "o";"19650216";1
Distribution of linked "o";"18430104";1
Distribution of linked "o";"19160424";1
Distribution of linked "o";"18031121";1
Distribution of linked "o";"16220621";1
Distribution of linked "o";"15510330";1
Distribution of linked "o";"19540924";1
Distribution of linked "o";"19400607";1
Distribution of linked "o";"19701014";1
Distribution of linked "o";"18011228";1
Distribution of linked "o";"18911130";1
Distribution of linked "o";"18100527";1
Distribution of linked "o";"18621003";1
Distribution of linked "o";"18270111";1
Distribution of linked "o";"19130127";1
Distribution of linked "o";"19530520";1
Distribution of linked "o";"17290512";1
Distribution of linked "o";"18060531";1
Distribution of linked "o";"20060210";1
Distribution of linked "o";"19460608";1
Distribution of linked "o";"19340315";1
Distribution of linked "o";"19081125";1
Distribution of linked "o";"19770808";1
Distribution of linked "o";"19390916";1
Distribution of linked "o";"18790421";1
Distribution of linked "o";"19100713";1
Distribution of linked "o";"19020304";1
Distribution of linked "o";"19440927";1
Distribution of linked "o";"18950210";1
Distribution of linked "o";"15900807";1
Distribution of linked "o";"16241228";1
Distribution of linked "o";"18631129";1
Distribution of linked "o";"19230829";1
Distribution of linked "o";"19010316";1
Distribution of linked "o";"19830112";1
Distribution of linked "o";"17770501";1
Distribution of linked "o";"18320418";1
Distribution of linked "o";"18820730";1
Distribution of linked "o";"19481115";1
Distribution of linked "o";"18350102";1
Distribution of linked "o";"18990118";1
Distribution of linked "o";"18910809";1
Distribution of linked "o";"19730318";1
Distribution of linked "o";"19540720";1
Distribution of linked "o";"19891104";1
Distribution of linked "o";"18651007";1
Distribution of linked "o";"19130630";1
Distribution of linked "o";"19581023";1
Distribution of linked "o";"17940107";1
Distribution of linked "o";"18650305";1
Distribution of linked "o";"18890916";1
Distribution of linked "o";"19290223";1
Distribution of linked "o";"Q659780";1
Distribution of linked "o";"19830729";1
Distribution of linked "o";"17250603";1
Distribution of linked "o";"18111004";1
Distribution of linked "o";"19760703";1
Distribution of linked "o";"18971021";1
Distribution of linked "o";"18610717";1
Distribution of linked "o";"19570525";1
Distribution of linked "o";"18250202";1
Distribution of linked "o";"20060625";1
Distribution of linked "o";"18780121";1
Distribution of linked "o";"18850604";1
Distribution of linked "o";"19480820";1
Distribution of linked "o";"17120000";1
Distribution of linked "o";"19230606";1
Distribution of linked "o";"19560503";1
Distribution of linked "o";"19410528";1
Distribution of linked "o";"20101031";1
Distribution of linked "o";"19171006";1
Distribution of linked "o";"20030223";1
Distribution of linked "o";"18771230";1
Distribution of linked "o";"19560916";1
Distribution of linked "o";"18540122";1
Distribution of linked "o";"18961229";1
Distribution of linked "o";"19900109";1
Distribution of linked "o";"18851227";1
Distribution of linked "o";"19781027";1
Distribution of linked "o";"18580104";1
Distribution of linked "o";"19400203";1
Distribution of linked "o";"19580217";1
Distribution of linked "o";"19401226";1
Distribution of linked "o";"20080907";1
Distribution of linked "o";"19550508";1
Distribution of linked "o";"19610716";1
Distribution of linked "o";"18570309";1
Distribution of linked "o";"18960723";1
Distribution of linked "o";"19581119";1
Distribution of linked "o";"17980731";1
Distribution of linked "o";"17171220";1
Distribution of linked "o";"19461021";1
Distribution of linked "o";"18490906";1
Distribution of linked "o";"19270512";1
Distribution of linked "o";"18051029";1
Distribution of linked "o";"18600816";1
Distribution of linked "o";"19390125";1
Distribution of linked "o";"20110121";1
Distribution of linked "o";"18260910";1
Distribution of linked "o";"15280615";1
Distribution of linked "o";"15750922";1
Distribution of linked "o";"19740902";1
Distribution of linked "o";"19520313";1
Distribution of linked "o";"18520109";1
Distribution of linked "o";"18051008";1
Distribution of linked "o";"18591026";1
Distribution of linked "o";"18190627";1
Distribution of linked "o";"18691020";1
Distribution of linked "o";"19160929";1
Distribution of linked "o";"20110501";1
Distribution of linked "o";"18730201";1
Distribution of linked "o";"19580131";1
Distribution of linked "o";"19480206";1
Distribution of linked "o";"19990730";1
Distribution of linked "o";"20011108";1
Distribution of linked "o";"18640714";1
Distribution of linked "o";"19441031";1
Distribution of linked "o";"18961104";1
Distribution of linked "o";"19780814";1
Distribution of linked "o";"19310929";1
Distribution of linked "o";"18590107";1
Distribution of linked "o";"14440315";1
Distribution of linked "o";"14831021";1
Distribution of linked "o";"19620112";1
Distribution of linked "o";"19710313";1
Distribution of linked "o";"19880522";1
Distribution of linked "o";"09840101";1
Distribution of linked "o";"19120708";1
Distribution of linked "o";"20060328";1
Distribution of linked "o";"20050925";1
Distribution of linked "o";"19210713";1
Distribution of linked "o";"19170124";1
Distribution of linked "o";"19950105";1
Distribution of linked "o";"19421211";1
Distribution of linked "o";"19980318";1
Distribution of linked "o";"18540320";1
Distribution of linked "o";"19270905";1
Distribution of linked "o";"13780909";1
Distribution of linked "o";"13380000";1
Distribution of linked "o";"13390000";1
Distribution of linked "o";"13400000";1
Distribution of linked "o";"18970225";1
Distribution of linked "o";"19120106";1
Distribution of linked "o";"19410802";1
Distribution of linked "o";"19190905";1
Distribution of linked "o";"19031227";1
Distribution of linked "o";"19030406";1
Distribution of linked "o";"19901109";1
Distribution of linked "o";"12600224";1
Distribution of linked "o";"19250207";1
Distribution of linked "o";"19860606";1
Distribution of linked "o";"19280330";1
Distribution of linked "o";"20080406";1
Distribution of linked "o";"19790312";1
Distribution of linked "o";"19511113";1
Distribution of linked "o";"19090402";1
Distribution of linked "o";"19150315";1
Distribution of linked "o";"20150403";1
Distribution of linked "o";"20030928";1
Distribution of linked "o";"19420908";1
Distribution of linked "o";"19521224";1
Distribution of linked "o";"19110818";1
Distribution of linked "o";"19410203";1
Distribution of linked "o";"19310809";1
Distribution of linked "o";"19840202";1
Distribution of linked "o";"11490115";1
Distribution of linked "o";"11080101";1
Distribution of linked "o";"18960123";1
Distribution of linked "o";"19740611";1
Distribution of linked "o";"19051010";1
Distribution of linked "o";"19090516";1
Distribution of linked "o";"19841117";1
Distribution of linked "o";"18480130";1
Distribution of linked "o";"18510417";1
Distribution of linked "o";"19370407";1
Distribution of linked "o";"17410819";1
Distribution of linked "o";"18230827";1
Distribution of linked "o";"18880407";1
Distribution of linked "o";"19520128";1
Distribution of linked "o";"18180209";1
Distribution of linked "o";"19090702";1
Distribution of linked "o";"18971202";1
Distribution of linked "o";"19460122";1
Distribution of linked "o";"18131212";1
Distribution of linked "o";"19990329";1
Distribution of linked "o";"18560330";1
Distribution of linked "o";"19241120";1
Distribution of linked "o";"18250111";1
Distribution of linked "o";"19001216";1
Distribution of linked "o";"18491215";1
Distribution of linked "o";"19110505";1
Distribution of linked "o";"20100508";1
Distribution of linked "o";"17470629";1
Distribution of linked "o";"18220514";1
Distribution of linked "o";"19370826";1
Distribution of linked "o";"20100924";1
Distribution of linked "o";"18821225";1
Distribution of linked "o";"19410413";1
Distribution of linked "o";"20150416";1
Distribution of linked "o";"18820121";1
Distribution of linked "o";"19570113";1
Distribution of linked "o";"19111124";1
Distribution of linked "o";"19750120";1
Distribution of linked "o";"19920907";1
Distribution of linked "o";"Q232927";1
Distribution of linked "o";"19620402";1
Distribution of linked "o";"17180222";1
Distribution of linked "o";"18620709";1
Distribution of linked "o";"19850127";1
Distribution of linked "o";"17821108";1
Distribution of linked "o";"18570314";1
Distribution of linked "o";"19310613";1
Distribution of linked "o";"18850924";1
Distribution of linked "o";"19660820";1
Distribution of linked "o";"18300406";1
Distribution of linked "o";"18850118";1
Distribution of linked "o";"18911224";1
Distribution of linked "o";"19891228";1
Distribution of linked "o";"Q2477335";1
Distribution of linked "o";"18531118";1
Distribution of linked "o";"19421016";1
Distribution of linked "o";"19580819";1
Distribution of linked "o";"20081130";1
Distribution of linked "o";"19440611";1
Distribution of linked "o";"17680220";1
Distribution of linked "o";"18550821";1
Distribution of linked "o";"19851207";1
Distribution of linked "o";"19170122";1
Distribution of linked "o";"20100221";1
Distribution of linked "o";"15480402";1
Distribution of linked "o";"13710221";1
Distribution of linked "o";"11290101";1
Distribution of linked "o";"11641231";1
Distribution of linked "o";"18620801";1
Distribution of linked "o";"19240420";1
Distribution of linked "o";"18970000";1
Distribution of linked "o";"19650225";1
Distribution of linked "o";"17660416";1
Distribution of linked "o";"18270225";1
Distribution of linked "o";"19100526";1
Distribution of linked "o";"19200306";1
Distribution of linked "o";"19810511";1
Distribution of linked "o";"20120413";1
Distribution of linked "o";"18650828";1
Distribution of linked "o";"19390523";1
Distribution of linked "o";"Q275414";1
Distribution of linked "o";"19830604";1
Distribution of linked "o";"19160612";1
Distribution of linked "o";"18201127";1
Distribution of linked "o";"18750508";1
Distribution of linked "o";"16801019";1
Distribution of linked "o";"18641216";1
Distribution of linked "o";"19451027";1
Distribution of linked "o";"19801030";1
Distribution of linked "o";"Q505141";1
Distribution of linked "o";"19100717";1
Distribution of linked "o";"19830724";1
Distribution of linked "o";"18801118";1
Distribution of linked "o";"19640715";1
Distribution of linked "o";"19670321";1
Distribution of linked "o";"19390812";1
Distribution of linked "o";"19420511";1
Distribution of linked "o";"19701102";1
Distribution of linked "o";"18490122";1
Distribution of linked "o";"19420717";1
Distribution of linked "o";"20060701";1
Distribution of linked "o";"19421008";1
Distribution of linked "o";"18740403";1
Distribution of linked "o";"18880314";1
Distribution of linked "o";"19770509";1
Distribution of linked "o";"19830823";1
Distribution of linked "o";"Q549565";1
Distribution of linked "o";"19260606";1
Distribution of linked "o";"19651217";1
Distribution of linked "o";"19830208";1
Distribution of linked "o";"18860312";1
Distribution of linked "o";"18860512";1
Distribution of linked "o";"19760709";1
Distribution of linked "o";"10481113";1
Distribution of linked "o";"09010000";1
Distribution of linked "o";"19020720";1
Distribution of linked "o";"19411012";1
Distribution of linked "o";"19881220";1
Distribution of linked "o";"19500626";1
Distribution of linked "o";"19550408";1
Distribution of linked "o";"19010428";1
Distribution of linked "o";"19800207";1
Distribution of linked "o";"18940204";1
Distribution of linked "o";"19760000";1
Distribution of linked "o";"19271125";1
Distribution of linked "o";"20080325";1
Distribution of linked "o";"19231013";1
Distribution of linked "o";"19950224";1
Distribution of linked "o";"18620307";1
Distribution of linked "o";"19410102";1
Distribution of linked "o";"18920514";1
Distribution of linked "o";"19511201";1
Distribution of linked "o";"19111003";1
Distribution of linked "o";"19930915";1
Distribution of linked "o";"19390419";1
Distribution of linked "o";"18410216";1
Distribution of linked "o";"18740721";1
Distribution of linked "o";"19040417";1
Distribution of linked "o";"19940607";1
Distribution of linked "o";"19920319";1
Distribution of linked "o";"02220101";1
Distribution of linked "o";"18650817";1
Distribution of linked "o";"18920122";1
Distribution of linked "o";"19540809";1
Distribution of linked "o";"19680615";1
Distribution of linked "o";"18940801";1
Distribution of linked "o";"18891024";1
Distribution of linked "o";"19750116";1
Distribution of linked "o";"19790313";1
Distribution of linked "o";"19900723";1
Distribution of linked "o";"18970317";1
Distribution of linked "o";"19430920";1
Distribution of linked "o";"18850115";1
Distribution of linked "o";"19730709";1
Distribution of linked "o";"18890627";1
Distribution of linked "o";"19690501";1
Distribution of linked "o";"18950110";1
Distribution of linked "o";"19871226";1
Distribution of linked "o";"18900420";1
Distribution of linked "o";"19851114";1
Distribution of linked "o";"18831130";1
Distribution of linked "o";"19450720";1
Distribution of linked "o";"19581130";1
Distribution of linked "o";"19090731";1
Distribution of linked "o";"20060406";1
Distribution of linked "o";"19110630";1
Distribution of linked "o";"20060123";1
Distribution of linked "o";"19830902";1
Distribution of linked "o";"Q853182";1
Distribution of linked "o";"19811011";1
Distribution of linked "o";"Q99302";1
Distribution of linked "o";"19720113";1
Distribution of linked "o";"19070211";1
Distribution of linked "o";"19971011";1
Distribution of linked "o";"18370907";1
Distribution of linked "o";"19170513";1
Distribution of linked "o";"19740219";1
Distribution of linked "o";"18371224";1
Distribution of linked "o";"19140307";1
Distribution of linked "o";"17240406";1
Distribution of linked "o";"17880117";1
Distribution of linked "o";"19850510";1
Distribution of linked "o";"19210130";1
Distribution of linked "o";"20090827";1
Distribution of linked "o";"18360615";1
Distribution of linked "o";"19010421";1
Distribution of linked "o";"19080229";1
Distribution of linked "o";"19740123";1
Distribution of linked "o";"19961002";1
Distribution of linked "o";"19291018";1
Distribution of linked "o";"19850504";1
Distribution of linked "o";"18590802";1
Distribution of linked "o";"18900615";1
Distribution of linked "o";"19750430";1
Distribution of linked "o";"19580630";1
Distribution of linked "o";"19730606";1
Distribution of linked "o";"17320715";1
Distribution of linked "o";"18550617";1
Distribution of linked "o";"19170329";1
Distribution of linked "o";"19471101";1
Distribution of linked "o";"19721205";1
Distribution of linked "o";"19910612";1
Distribution of linked "o";"19830618";1
Distribution of linked "o";"19190810";1
Distribution of linked "o";"20060901";1
Distribution of linked "o";"19351005";1
Distribution of linked "o";"19600728";1
Distribution of linked "o";"18010409";1
Distribution of linked "o";"18680904";1
Distribution of linked "o";"19370327";1
Distribution of linked "o";"19790531";1
Distribution of linked "o";"19720407";1
Distribution of linked "o";"18430715";1
Distribution of linked "o";"19440520";1
Distribution of linked "o";"19030424";1
Distribution of linked "o";"19721218";1
Distribution of linked "o";"18990216";1
Distribution of linked "o";"19680707";1
Distribution of linked "o";"19140507";1
Distribution of linked "o";"20080317";1
Distribution of linked "o";"15011001";1
Distribution of linked "o";"15520308";1
Distribution of linked "o";"19251229";1
Distribution of linked "o";"20110311";1
Distribution of linked "o";"18750305";1
Distribution of linked "o";"19460806";1
Distribution of linked "o";"18621231";1
Distribution of linked "o";"18621031";1
Distribution of linked "o";"19180709";1
Distribution of linked "o";"18350215";1
Distribution of linked "o";"19050607";1
Distribution of linked "o";"18540811";1
Distribution of linked "o";"19240207";1
Distribution of linked "o";"19310111";1
Distribution of linked "o";"19350120";1
Distribution of linked "o";"14930920";1
Distribution of linked "o";"18950115";1
Distribution of linked "o";"19250515";1
Distribution of linked "o";"19880423";1
Distribution of linked "o";"19311001";1
Distribution of linked "o";"19820319";1
Distribution of linked "o";"18601024";1
Distribution of linked "o";"19511002";1
Distribution of linked "o";"18970719";1
Distribution of linked "o";"19801015";1
Distribution of linked "o";"18940109";1
Distribution of linked "o";"19441113";1
Distribution of linked "o";"18550223";1
Distribution of linked "o";"19280612";1
Distribution of linked "o";"17940813";1
Distribution of linked "o";"18661106";1
Distribution of linked "o";"19570715";1
Distribution of linked "o";"20110917";1
Distribution of linked "o";"19330128";1
Distribution of linked "o";"19010109";1
Distribution of linked "o";"19790609";1
Distribution of linked "o";"19740118";1
Distribution of linked "o";"19131202";1
Distribution of linked "o";"19120211";1
Distribution of linked "o";"20000113";1
Distribution of linked "o";"18990320";1
Distribution of linked "o";"19840129";1
Distribution of linked "o";"18381128";1
Distribution of linked "o";"20000502";1
Distribution of linked "o";"18811030";1
Distribution of linked "o";"19421009";1
Distribution of linked "o";"20100716";1
Distribution of linked "o";"19400401";1
Distribution of linked "o";"17680123";1
Distribution of linked "o";"18340822";1
Distribution of linked "o";"19060421";1
Distribution of linked "o";"20020313";1
Distribution of linked "o";"17701017";1
Distribution of linked "o";"18140320";1
Distribution of linked "o";"18740717";1
Distribution of linked "o";"19290430";1
Distribution of linked "o";"19300430";1
Distribution of linked "o";"19090308";1
Distribution of linked "o";"19990209";1
Distribution of linked "o";"19500811";1
Distribution of linked "o";"18250722";1
Distribution of linked "o";"15801128";1
Distribution of linked "o";"15510904";1
Distribution of linked "o";"19641231";1
Distribution of linked "o";"18570720";1
Distribution of linked "o";"19340619";1
Distribution of linked "o";"15730825";1
Distribution of linked "o";"19830224";1
Distribution of linked "o";"19060427";1
Distribution of linked "o";"19900506";1
Distribution of linked "o";"13700401";1
Distribution of linked "o";"19440630";1
Distribution of linked "o";"19720219";1
Distribution of linked "o";"17860413";1
Distribution of linked "o";"18560923";1
Distribution of linked "o";"18511030";1
Distribution of linked "o";"19430228";1
Distribution of linked "o";"19210619";1
Distribution of linked "o";"20100315";1
Distribution of linked "o";"19680111";1
Distribution of linked "o";"19160112";1
Distribution of linked "o";"19481126";1
Distribution of linked "o";"19620220";1
Distribution of linked "o";"19240204";1
Distribution of linked "o";"19780716";1
Distribution of linked "o";"19910628";1
Distribution of linked "o";"19670309";1
Distribution of linked "o";"20030110";1
Distribution of linked "o";"18480105";1
Distribution of linked "o";"19160517";1
Distribution of linked "o";"18410730";1
Distribution of linked "o";"18270314";1
Distribution of linked "o";"18940824";1
Distribution of linked "o";"17650831";1
Distribution of linked "o";"18920425";1
Distribution of linked "o";"19540927";1
Distribution of linked "o";"19270116";1
Distribution of linked "o";"19900331";1
Distribution of linked "o";"19531125";1
Distribution of linked "o";"17480305";1
Distribution of linked "o";"18261211";1
Distribution of linked "o";"20130601";1
Distribution of linked "o";"19160422";1
Distribution of linked "o";"19121008";1
Distribution of linked "o";"20011205";1
Distribution of linked "o";"19681217";1
Distribution of linked "o";"19181107";1
Distribution of linked "o";"19430514";1
Distribution of linked "o";"18620714";1
Distribution of linked "o";"19310217";1
Distribution of linked "o";"19530625";1
Distribution of linked "o";"19610311";1
Distribution of linked "o";"19150117";1
Distribution of linked "o";"19801022";1
Distribution of linked "o";"19520517";1
Distribution of linked "o";"18600419";1
Distribution of linked "o";"18880517";1
Distribution of linked "o";"19590314";1
Distribution of linked "o";"19540208";1
Distribution of linked "o";"18710410";1
Distribution of linked "o";"19500929";1
Distribution of linked "o";"17570728";1
Distribution of linked "o";"19880302";1
Distribution of linked "o";"18901206";1
Distribution of linked "o";"18971212";1
Distribution of linked "o";"19180423";1
Distribution of linked "o";"17511109";1
Distribution of linked "o";"18121012";1
Distribution of linked "o";"18771029";1
Distribution of linked "o";"19620401";1
Distribution of linked "o";"19711206";1
Distribution of linked "o";"19250323";1
Distribution of linked "o";"19060716";1
Distribution of linked "o";"19450715";1
Distribution of linked "o";"18380209";1
Distribution of linked "o";"19780301";1
Distribution of linked "o";"19450327";1
Distribution of linked "o";"20150615";1
Distribution of linked "o";"19751005";1
Distribution of linked "o";"19540317";1
Distribution of linked "o";"15290214";1
Distribution of linked "o";"15970618";1
Distribution of linked "o";"19610614";1
Distribution of linked "o";"19080327";1
Distribution of linked "o";"11511201";1
Distribution of linked "o";"19260608";1
Distribution of linked "o";"20090626";1
Distribution of linked "o";"19010317";1
Distribution of linked "o";"19670213";1
Distribution of linked "o";"20090409";1
Distribution of linked "o";"19590613";1
Distribution of linked "o";"20071124";1
Distribution of linked "o";"18181124";1
Distribution of linked "o";"19400723";1
Distribution of linked "o";"20070615";1
Distribution of linked "o";"18020112";1
Distribution of linked "o";"18731105";1
Distribution of linked "o";"19251209";1
Distribution of linked "o";"20100712";1
Distribution of linked "o";"19240903";1
Distribution of linked "o";"20070727";1
Distribution of linked "o";"14350925";1
Distribution of linked "o";"14351028";1
Distribution of linked "o";"19260827";1
Distribution of linked "o";"19711208";1
Distribution of linked "o";"18990112";1
Distribution of linked "o";"19651012";1
Distribution of linked "o";"19650307";1
Distribution of linked "o";"18970720";1
Distribution of linked "o";"19960801";1
Distribution of linked "o";"19811004";1
Distribution of linked "o";"19760704";1
Distribution of linked "o";"19860811";1
Distribution of linked "o";"19750225";1
Distribution of linked "o";"19490505";1
Distribution of linked "o";"19940911";1
Distribution of linked "o";"19170803";1
Distribution of linked "o";"19850420";1
Distribution of linked "o";"19270110";1
Distribution of linked "o";"20120913";1
Distribution of linked "o";"19180928";1
Distribution of linked "o";"19831016";1
Distribution of linked "o";"19661227";1
Distribution of linked "o";"19831208";1
Distribution of linked "o";"19871027";1
Distribution of linked "o";"19330829";1
Distribution of linked "o";"18770827";1
Distribution of linked "o";"19630810";1
Distribution of linked "o";"18190220";1
Distribution of linked "o";"18821206";1
Distribution of linked "o";"20080723";1
Distribution of linked "o";"18310709";1
Distribution of linked "o";"19040501";1
Distribution of linked "o";"19330314";1
Distribution of linked "o";"18481112";1
Distribution of linked "o";"19191109";1
Distribution of linked "o";"14980000";1
Distribution of linked "o";"19410514";1
Distribution of linked "o";"19160115";1
Distribution of linked "o";"17630108";1
Distribution of linked "o";"18190115";1
Distribution of linked "o";"17550129";1
Distribution of linked "o";"17550130";1
Distribution of linked "o";"17550000";1
Distribution of linked "o";"18260104";1
Distribution of linked "o";"18290104";1
Distribution of linked "o";"18260000";1
Distribution of linked "o";"17950325";1
Distribution of linked "o";"18710116";1
Distribution of linked "o";"Q2556468";1
Distribution of linked "o";"19360709";1
Distribution of linked "o";"19130926";1
Distribution of linked "o";"19860308";1
Distribution of linked "o";"20010416";1
Distribution of linked "o";"19380211";1
Distribution of linked "o";"18021215";1
Distribution of linked "o";"18930630";1
Distribution of linked "o";"19320201";1
Distribution of linked "o";"20081208";1
Distribution of linked "o";"19661128";1
Distribution of linked "o";"Q635974";1
Distribution of linked "o";"19680327";1
Distribution of linked "o";"19821003";1
Distribution of linked "o";"19790826";1
Distribution of linked "o";"19680302";1
Distribution of linked "o";"17180623";1
Distribution of linked "o";"18020812";1
Distribution of linked "o";"17430528";1
Distribution of linked "o";"18180111";1
Distribution of linked "o";"18190603";1
Distribution of linked "o";"18060601";1
Distribution of linked "o";"18690426";1
Distribution of linked "o";"-06940101";1
Distribution of linked "o";"-08000101";1
Distribution of linked "o";"17670824";1
Distribution of linked "o";"18230309";1
Distribution of linked "o";"15640926";1
Distribution of linked "o";"15090101";1
Distribution of linked "o";"18730212";1
Distribution of linked "o";"19560806";1
Distribution of linked "o";"19720710";1
Distribution of linked "o";"19520308";1
Distribution of linked "o";"19921225";1
Distribution of linked "o";"18490731";1
Distribution of linked "o";"18490713";1
Distribution of linked "o";"19811128";1
Distribution of linked "o";"18971220";1
Distribution of linked "o";"18331212";1
Distribution of linked "o";"18001101";1
Distribution of linked "o";"18740502";1
Distribution of linked "o";"18030402";1
Distribution of linked "o";"18390516";1
Distribution of linked "o";"19520621";1
Distribution of linked "o";"18450723";1
Distribution of linked "o";"18920313";1
Distribution of linked "o";"19611028";1
Distribution of linked "o";"19360228";1
Distribution of linked "o";"19920225";1
Distribution of linked "o";"19031019";1
Distribution of linked "o";"19510726";1
Distribution of linked "o";"19910404";1
Distribution of linked "o";"19420621";1
Distribution of linked "o";"19021026";1
Distribution of linked "o";"19961001";1
Distribution of linked "o";"19741019";1
Distribution of linked "o";"17960201";1
Distribution of linked "o";"18651201";1
Distribution of linked "o";"15301106";1
Distribution of linked "o";"15760702";1
Distribution of linked "o";"19290515";1
Distribution of linked "o";"20121122";1
Distribution of linked "o";"16010419";1
Distribution of linked "o";"Q275138";1
Distribution of linked "o";"19890327";1
Distribution of linked "o";"19500821";1
Distribution of linked "o";"19290811";1
Distribution of linked "o";"20050531";1
Distribution of linked "o";"20150202";1
Distribution of linked "o";"19340120";1
Distribution of linked "o";"17671014";1
Distribution of linked "o";"19000219";1
Distribution of linked "o";"19790617";1
Distribution of linked "o";"19010619";1
Distribution of linked "o";"20000826";1
Distribution of linked "o";"17600622";1
Distribution of linked "o";"18270129";1
Distribution of linked "o";"19460125";1
Distribution of linked "o";"20121117";1
Distribution of linked "o";"17400327";1
Distribution of linked "o";"18310211";1
Distribution of linked "o";"19900721";1
Distribution of linked "o";"19140715";1
Distribution of linked "o";"19960725";1
Distribution of linked "o";"19881104";1
Distribution of linked "o";"17820304";1
Distribution of linked "o";"18300321";1
Distribution of linked "o";"19840904";1
Distribution of linked "o";"20030704";1
Distribution of linked "o";"19340214";1
Distribution of linked "o";"20060114";1
Distribution of linked "o";"15510528";1
Distribution of linked "o";"15000000";1
Distribution of linked "o";"19661027";1
Distribution of linked "o";"19480518";1
Distribution of linked "o";"17510303";1
Distribution of linked "o";"18390408";1
Distribution of linked "o";"13170101";1
Distribution of linked "o";"19230601";1
Distribution of linked "o";"19230106";1
Distribution of linked "o";"18331229";1
Distribution of linked "o";"19020905";1
Distribution of linked "o";"18720516";1
Distribution of linked "o";"19540311";1
Distribution of linked "o";"19570503";1
Distribution of linked "o";"19791205";1
Distribution of linked "o";"19510507";1
Distribution of linked "o";"17910605";1
Distribution of linked "o";"17180811";1
Distribution of linked "o";"19830916";1
Distribution of linked "o";"19111221";1
Distribution of linked "o";"19770906";1
Distribution of linked "o";"19650403";1
Distribution of linked "o";"19101002";1
Distribution of linked "o";"20010211";1
Distribution of linked "o";"18070201";1
Distribution of linked "o";"18670819";1
Distribution of linked "o";"20110131";1
Distribution of linked "o";"Q1276059";1
Distribution of linked "o";"Q492159";1
Distribution of linked "o";"19580913";1
Distribution of linked "o";"19291223";1
Distribution of linked "o";"19480613";1
Distribution of linked "o";"19310130";1
Distribution of linked "o";"19781006";1
Distribution of linked "o";"18950429";1
Distribution of linked "o";"19680217";1
Distribution of linked "o";"18160614";1
Distribution of linked "o";"18890522";1
Distribution of linked "o";"19550228";1
Distribution of linked "o";"19920824";1
Distribution of linked "o";"14780108";1
Distribution of linked "o";"15560406";1
Distribution of linked "o";"17020313";1
Distribution of linked "o";"17730819";1
Distribution of linked "o";"19860206";1
Distribution of linked "o";"19761019";1
Distribution of linked "o";"19081223";1
Distribution of linked "o";"13700503";1
Distribution of linked "o";"19740316";1
Distribution of linked "o";"19050819";1
Distribution of linked "o";"19820623";1
Distribution of linked "o";"17090624";1
Distribution of linked "o";"17811130";1
Distribution of linked "o";"Q5834025";1
Distribution of linked "o";"18890421";1
Distribution of linked "o";"18640620";1
Distribution of linked "o";"18401121";1
Distribution of linked "o";"19010805";1
Distribution of linked "o";"15470726";1
Distribution of linked "o";"19041126";1
Distribution of linked "o";"17780808";1
Distribution of linked "o";"18320111";1
Distribution of linked "o";"17550921";1
Distribution of linked "o";"Q36188";1
Distribution of linked "o";"18850116";1
Distribution of linked "o";"19670304";1
Distribution of linked "o";"Q693909";1
Distribution of linked "o";"19360519";1
Distribution of linked "o";"20070418";1
Distribution of linked "o";"18371230";1
Distribution of linked "o";"19010210";1
Distribution of linked "o";"18030120";1
Distribution of linked "o";"18791218";1
Distribution of linked "o";"20120619";1
Distribution of linked "o";"19140320";1
Distribution of linked "o";"19700313";1
Distribution of linked "o";"19480209";1
Distribution of linked "o";"18540915";1
Distribution of linked "o";"Q4465";1
Distribution of linked "o";"19590110";1
Distribution of linked "o";"19741222";1
Distribution of linked "o";"18060716";1
Distribution of linked "o";"20060218";1
Distribution of linked "o";"18741228";1
Distribution of linked "o";"17761229";1
Distribution of linked "o";"18370515";1
Distribution of linked "o";"19410919";1
Distribution of linked "o";"16940926";1
Distribution of linked "o";"17720310";1
Distribution of linked "o";"17910101";1
Distribution of linked "o";"16631125";1
Distribution of linked "o";"17470414";1
Distribution of linked "o";"18521014";1
Distribution of linked "o";"19290715";1
Distribution of linked "o";"18220726";1
Distribution of linked "o";"18231201";1
Distribution of linked "o";"18950718";1
Distribution of linked "o";"17911207";1
Distribution of linked "o";"18650529";1
Distribution of linked "o";"18440127";1
Distribution of linked "o";"18991215";1
Distribution of linked "o";"18930110";1
Distribution of linked "o";"19480102";1
Distribution of linked "o";"18500527";1
Distribution of linked "o";"18921115";1
Distribution of linked "o";"19060821";1
Distribution of linked "o";"20021119";1
Distribution of linked "o";"19290907";1
Distribution of linked "o";"19070831";1
Distribution of linked "o";"19570317";1
Distribution of linked "o";"19540207";1
Distribution of linked "o";"19520821";1
Distribution of linked "o";"16350911";1
Distribution of linked "o";"17060510";1
Distribution of linked "o";"19350815";1
Distribution of linked "o";"18680618";1
Distribution of linked "o";"19570209";1
Distribution of linked "o";"18941011";1
Distribution of linked "o";"19651205";1
Distribution of linked "o";"19460218";1
Distribution of linked "o";"19540117";1
Distribution of linked "o";"19381014";1
Distribution of linked "o";"19270301";1
Distribution of linked "o";"20040514";1
Distribution of linked "o";"19521125";1
Distribution of linked "o";"19000331";1
Distribution of linked "o";"19740610";1
Distribution of linked "o";"18841210";1
Distribution of linked "o";"19630713";1
Distribution of linked "o";"18721019";1
Distribution of linked "o";"19540713";1
Distribution of linked "o";"18271207";1
Distribution of linked "o";"18850418";1
Distribution of linked "o";"19451221";1
Distribution of linked "o";"19890122";1
Distribution of linked "o";"19681114";1
Distribution of linked "o";"15290615";1
Distribution of linked "o";"15990605";1
Distribution of linked "o";"20040317";1
Distribution of linked "o";"18221016";1
Distribution of linked "o";"18850120";1
Distribution of linked "o";"19071202";1
Distribution of linked "o";"19840107";1
Distribution of linked "o";"19741013";1
Distribution of linked "o";"15940317";1
Distribution of linked "o";"19851210";1
Distribution of linked "o";"19470725";1
Distribution of linked "o";"18750731";1
Distribution of linked "o";"18641102";1
Distribution of linked "o";"19110721";1
Distribution of linked "o";"18720720";1
Distribution of linked "o";"19390509";1
Distribution of linked "o";"19530902";1
Distribution of linked "o";"19581126";1
Distribution of linked "o";"19541023";1
Distribution of linked "o";"19770206";1
Distribution of linked "o";"19181104";1
Distribution of linked "o";"18930203";1
Distribution of linked "o";"18800326";1
Distribution of linked "o";"19530707";1
Distribution of linked "o";"18991228";1
Distribution of linked "o";"19431007";1
Distribution of linked "o";"19320729";1
Distribution of linked "o";"18141106";1
Distribution of linked "o";"18671215";1
Distribution of linked "o";"19360402";1
Distribution of linked "o";"20111210";1
Distribution of linked "o";"19560406";1
Distribution of linked "o";"18960204";1
Distribution of linked "o";"19381208";1
Distribution of linked "o";"19100305";1
Distribution of linked "o";"19930208";1
Distribution of linked "o";"18991113";1
Distribution of linked "o";"19710322";1
Distribution of linked "o";"19500129";1
Distribution of linked "o";"20070612";1
Distribution of linked "o";"18440115";1
Distribution of linked "o";"18950123";1
Distribution of linked "o";"18460517";1
Distribution of linked "o";"19260509";1
Distribution of linked "o";"19860720";1
Distribution of linked "o";"19881121";1
Distribution of linked "o";"19230806";1
Distribution of linked "o";"18890214";1
Distribution of linked "o";"19740609";1
Distribution of linked "o";"19030910";1
Distribution of linked "o";"18951216";1
Distribution of linked "o";"19730203";1
Distribution of linked "o";"19940329";1
Distribution of linked "o";"19020217";1
Distribution of linked "o";"19830219";1
Distribution of linked "o";"19500614";1
Distribution of linked "o";"19550227";1
Distribution of linked "o";"20101125";1
Distribution of linked "o";"20060807";1
Distribution of linked "o";"19870108";1
Distribution of linked "o";"20080319";1
Distribution of linked "o";"19780611";1
Distribution of linked "o";"19260831";1
Distribution of linked "o";"20061104";1
Distribution of linked "o";"15300000";1
Distribution of linked "o";"20130429";1
Distribution of linked "o";"17600103";1
Distribution of linked "o";"18320810";1
Distribution of linked "o";"19950510";1
Distribution of linked "o";"18600629";1
Distribution of linked "o";"19420417";1
Distribution of linked "o";"19200703";1
Distribution of linked "o";"20120508";1
Distribution of linked "o";"19760413";1
Distribution of linked "o";"15370101";1
Distribution of linked "o";"19820302";1
Distribution of linked "o";"19650826";1
Distribution of linked "o";"19311008";1
Distribution of linked "o";"19370512";1
Distribution of linked "o";"16900928";1
Distribution of linked "o";"17660329";1
Distribution of linked "o";"Q123702";1
Distribution of linked "o";"19710630";1
Distribution of linked "o";"19470913";1
Distribution of linked "o";"19720919";1
Distribution of linked "o";"17241224";1
Distribution of linked "o";"18111011";1
Distribution of linked "o";"18990901";1
Distribution of linked "o";"19910730";1
Distribution of linked "o";"19320224";1
Distribution of linked "o";"20070625";1
Distribution of linked "o";"10680101";1
Distribution of linked "o";"18650918";1
Distribution of linked "o";"19460124";1
Distribution of linked "o";"18051110";1
Distribution of linked "o";"18830108";1
Distribution of linked "o";"18630617";1
Distribution of linked "o";"19240502";1
Distribution of linked "o";"16530116";1
Distribution of linked "o";"17271002";1
Distribution of linked "o";"18071212";1
Distribution of linked "o";"18870430";1
Distribution of linked "o";"19351027";1
Distribution of linked "o";"20160609";1
Distribution of linked "o";"19650628";1
Distribution of linked "o";"19000929";1
Distribution of linked "o";"19450112";1
Distribution of linked "o";"18570323";1
Distribution of linked "o";"19341221";1
Distribution of linked "o";"20150226";1
Distribution of linked "o";"19630606";1
Distribution of linked "o";"19210807";1
Distribution of linked "o";"20121204";1
Distribution of linked "o";"12150000";1
Distribution of linked "o";"12960519";1
Distribution of linked "o";"19580426";1
Distribution of linked "o";"19210716";1
Distribution of linked "o";"20100225";1
Distribution of linked "o";"19421129";1
Distribution of linked "o";"13500101";1
Distribution of linked "o";"19970625";1
Distribution of linked "o";"19940222";1
Distribution of linked "o";"18700107";1
Distribution of linked "o";"19470315";1
Distribution of linked "o";"04760101";1
Distribution of linked "o";"12030101";1
Distribution of linked "o";"18090601";1
Distribution of linked "o";"18640503";1
Distribution of linked "o";"19410601";1
Distribution of linked "o";"13940101";1
Distribution of linked "o";"18850917";1
Distribution of linked "o";"19591002";1
Distribution of linked "o";"20160805";1
Distribution of linked "o";"Q104221";1
Distribution of linked "o";"19100728";1
Distribution of linked "o";"18820202";1
Distribution of linked "o";"19281009";1
Distribution of linked "o";"18470814";1
Distribution of linked "o";"19221117";1
Distribution of linked "o";"16380810";1
Distribution of linked "o";"15710506";1
Distribution of linked "o";"18280919";1
Distribution of linked "o";"18801225";1
Distribution of linked "o";"18491028";1
Distribution of linked "o";"19230704";1
Distribution of linked "o";"20131015";1
Distribution of linked "o";"16141102";1
Distribution of linked "o";"16451207";1
Distribution of linked "o";"16451217";1
Distribution of linked "o";"19030911";1
Distribution of linked "o";"17430422";1
Distribution of linked "o";"18130108";1
Distribution of linked "o";"19660612";1
Distribution of linked "o";"19590617";1
Distribution of linked "o";"14900725";1
Distribution of linked "o";"15240106";1
Distribution of linked "o";"19510622";1
Distribution of linked "o";"19481205";1
Distribution of linked "o";"19460525";1
Distribution of linked "o";"20120606";1
Distribution of linked "o";"19310905";1
Distribution of linked "o";"17610614";1
Distribution of linked "o";"18351004";1
Distribution of linked "o";"19470609";1
Distribution of linked "o";"19440627";1
Distribution of linked "o";"19991217";1
Distribution of linked "o";"19230107";1
Distribution of linked "o";"20080624";1
Distribution of linked "o";"19940626";1
Distribution of linked "o";"19140613";1
Distribution of linked "o";"19140623";1
Distribution of linked "o";"20001121";1
Distribution of linked "o";"19850116";1
Distribution of linked "o";"19410602";1
Distribution of linked "o";"19500316";1
Distribution of linked "o";"14991014";1
Distribution of linked "o";"15260116";1
Distribution of linked "o";"18810812";1
Distribution of linked "o";"19110206";1
Distribution of linked "o";"20070308";1
Distribution of linked "o";"16090815";1
Distribution of linked "o";"15550616";1
Distribution of linked "o";"15911015";1
Distribution of linked "o";"18810916";1
Distribution of linked "o";"19121015";1
Distribution of linked "o";"19040126";1
Distribution of linked "o";"19890620";1
Distribution of linked "o";"19891006";1
Distribution of linked "o";"19711215";1
Distribution of linked "o";"17790801";1
Distribution of linked "o";"18610209";1
Distribution of linked "o";"17890625";1
Distribution of linked "o";"18480327";1
Distribution of linked "o";"19790702";1
Distribution of linked "o";"18780704";1
Distribution of linked "o";"19630113";1
Distribution of linked "o";"17670602";1
Distribution of linked "o";"18450117";1
Distribution of linked "o";"19390727";1
Distribution of linked "o";"19300624";1
Distribution of linked "o";"20150527";1
Distribution of linked "o";"18951109";1
Distribution of linked "o";"19680624";1
Distribution of linked "o";"19601115";1
Distribution of linked "o";"15430214";1
Distribution of linked "o";"16040611";1
Distribution of linked "o";"18841214";1
Distribution of linked "o";"19610106";1
Distribution of linked "o";"17570925";1
Distribution of linked "o";"16950000";1
Distribution of linked "o";"19581218";1
Distribution of linked "o";"17921225";1
Distribution of linked "o";"18460616";1
Distribution of linked "o";"19420709";1
Distribution of linked "o";"19900914";1
Distribution of linked "o";"19510212";1
Distribution of linked "o";"18920430";1
Distribution of linked "o";"16460410";1
Distribution of linked "o";"18980506";1
Distribution of linked "o";"20141119";1
Distribution of linked "o";"19501218";1
Distribution of linked "o";"19530909";1
Distribution of linked "o";"16010809";1
Distribution of linked "o";"08450101";1
Distribution of linked "o";"09120301";1
Distribution of linked "o";"09120306";1
Distribution of linked "o";"19740228";1
Distribution of linked "o";"18930404";1
Distribution of linked "o";"18080217";1
Distribution of linked "o";"19820609";1
Distribution of linked "o";"19701226";1
Distribution of linked "o";"19470323";1
Distribution of linked "o";"19221029";1
Distribution of linked "o";"20111113";1
Distribution of linked "o";"Q259379";1
Distribution of linked "o";"19720825";1
Distribution of linked "o";"18491231";1
Distribution of linked "o";"19210817";1
Distribution of linked "o";"19460404";1
Distribution of linked "o";"19010308";1
Distribution of linked "o";"19741214";1
Distribution of linked "o";"18660314";1
Distribution of linked "o";"19830324";1
Distribution of linked "o";"19061208";1
Distribution of linked "o";"19520816";1
Distribution of linked "o";"19671026";1
Distribution of linked "o";"17280101";1
Distribution of linked "o";"15290204";1
Distribution of linked "o";"19390320";1
Distribution of linked "o";"20140529";1
Distribution of linked "o";"19640530";1
Distribution of linked "o";"19850207";1
Distribution of linked "o";"18660112";1
Distribution of linked "o";"17630412";1
Distribution of linked "o";"18270729";1
Distribution of linked "o";"17250321";1
Distribution of linked "o";"18030218";1
Distribution of linked "o";"18420129";1
Distribution of linked "o";"19300727";1
Distribution of linked "o";"19090221";1
Distribution of linked "o";"19990616";1
Distribution of linked "o";"19380220";1
Distribution of linked "o";"19450517";1
Distribution of linked "o";"19711230";1
Distribution of linked "o";"19250722";1
Distribution of linked "o";"20110220";1
Distribution of linked "o";"15620905";1
Distribution of linked "o";"18961203";1
Distribution of linked "o";"19790827";1
Distribution of linked "o";"19630621";1
Distribution of linked "o";"18960404";1
Distribution of linked "o";"19360319";1
Distribution of linked "o";"19500212";1
Distribution of linked "o";"16050702";1
Distribution of linked "o";"15321207";1
Distribution of linked "o";"19280517";1
Distribution of linked "o";"20150312";1
Distribution of linked "o";"19030207";1
Distribution of linked "o";"19251024";1
Distribution of linked "o";"20121009";1
Distribution of linked "o";"20120822";1
Distribution of linked "o";"19531106";1
Distribution of linked "o";"19821026";1
Distribution of linked "o";"18840506";1
Distribution of linked "o";"19570204";1
Distribution of linked "o";"18560610";1
Distribution of linked "o";"19460724";1
Distribution of linked "o";"18651106";1
Distribution of linked "o";"20141020";1
Distribution of linked "o";"19520529";1
Distribution of linked "o";"18911119";1
Distribution of linked "o";"18700307";1
Distribution of linked "o";"18400423";1
Distribution of linked "o";"19070410";1
Distribution of linked "o";"18181222";1
Distribution of linked "o";"18800620";1
Distribution of linked "o";"19510611";1
Distribution of linked "o";"18920213";1
Distribution of linked "o";"19140102";1
Distribution of linked "o";"20000304";1
Distribution of linked "o";"17920308";1
Distribution of linked "o";"18710422";1
Distribution of linked "o";"19411219";1
Distribution of linked "o";"18200327";1
Distribution of linked "o";"17781019";1
Distribution of linked "o";"18471001";1
Distribution of linked "o";"19880531";1
Distribution of linked "o";"18170823";1
Distribution of linked "o";"17400528";1
Distribution of linked "o";"17910309";1
Distribution of linked "o";"19280807";1
Distribution of linked "o";"20010216";1
Distribution of linked "o";"19130408";1
Distribution of linked "o";"17240827";1
Distribution of linked "o";"17810723";1
Distribution of linked "o";"19770823";1
Distribution of linked "o";"18750726";1
Distribution of linked "o";"19640921";1
Distribution of linked "o";"19730912";1
Distribution of linked "o";"19571026";1
Distribution of linked "o";"18520227";1
Distribution of linked "o";"19110413";1
Distribution of linked "o";"19440512";1
Distribution of linked "o";"19081116";1
Distribution of linked "o";"19650329";1
Distribution of linked "o";"17951006";1
Distribution of linked "o";"18640527";1
Distribution of linked "o";"19800305";1
Distribution of linked "o";"19021225";1
Distribution of linked "o";"19450515";1
Distribution of linked "o";"19230429";1
Distribution of linked "o";"20101127";1
Distribution of linked "o";"20021116";1
Distribution of linked "o";"18870802";1
Distribution of linked "o";"18730411";1
Distribution of linked "o";"19460206";1
Distribution of linked "o";"19670807";1
Distribution of linked "o";"19481224";1
Distribution of linked "o";"19640203";1
Distribution of linked "o";"19580209";1
Distribution of linked "o";"19530326";1
Distribution of linked "o";"20060317";1
Distribution of linked "o";"20050823";1
Distribution of linked "o";"19530305";1
Distribution of linked "o";"19520924";1
Distribution of linked "o";"19520909";1
Distribution of linked "o";"19861209";1
Distribution of linked "o";"19520826";1
Distribution of linked "o";"19080421";1
Distribution of linked "o";"19010825";1
Distribution of linked "o";"19980121";1
Distribution of linked "o";"19420716";1
Distribution of linked "o";"20120806";1
Distribution of linked "o";"19500519";1
Distribution of linked "o";"17530716";1
Distribution of linked "o";"18310730";1
Distribution of linked "o";"19650906";1
Distribution of linked "o";"17550220";1
Distribution of linked "o";"18351223";1
Distribution of linked "o";"19100317";1
Distribution of linked "o";"19920506";1
Distribution of linked "o";"19761208";1
Distribution of linked "o";"19450614";1
Distribution of linked "o";"17791213";1
Distribution of linked "o";"18380701";1
Distribution of linked "o";"19220824";1
Distribution of linked "o";"19410128";1
Distribution of linked "o";"17530905";1
Distribution of linked "o";"18220411";1
Distribution of linked "o";"19740412";1
Distribution of linked "o";"18910103";1
Distribution of linked "o";"18290326";1
Distribution of linked "o";"18890327";1
Distribution of linked "o";"19661030";1
Distribution of linked "o";"Q736937";1
Distribution of linked "o";"18950513";1
Distribution of linked "o";"18770315";1
Distribution of linked "o";"19340723";1
Distribution of linked "o";"16350811";1
Distribution of linked "o";"15780106";1
Distribution of linked "o";"19270907";1
Distribution of linked "o";"20080123";1
Distribution of linked "o";"19570311";1
Distribution of linked "o";"20070711";1
Distribution of linked "o";"19320429";1
Distribution of linked "o";"19270816";1
Distribution of linked "o";"18530318";1
Distribution of linked "o";"19010412";1
Distribution of linked "o";"18920615";1
Distribution of linked "o";"19281224";1
Distribution of linked "o";"19720119";1
Distribution of linked "o";"18920220";1
Distribution of linked "o";"19860204";1
Distribution of linked "o";"18990915";1
Distribution of linked "o";"19770831";1
Distribution of linked "o";"15350415";1
Distribution of linked "o";"19451227";1
Distribution of linked "o";"18470715";1
Distribution of linked "o";"19181212";1
Distribution of linked "o";"12920204";1
Distribution of linked "o";"13500916";1
Distribution of linked "o";"17800329";1
Distribution of linked "o";"18410120";1
Distribution of linked "o";"19640428";1
Distribution of linked "o";"19871105";1
Distribution of linked "o";"Q317499";1
Distribution of linked "o";"16650206";1
Distribution of linked "o";"17140801";1
Distribution of linked "o";"18940515";1
Distribution of linked "o";"19650222";1
Distribution of linked "o";"18050927";1
Distribution of linked "o";"18770130";1
Distribution of linked "o";"18050615";1
Distribution of linked "o";"18810907";1
Distribution of linked "o";"17200804";1
Distribution of linked "o";"18000911";1
Distribution of linked "o";"19150515";1
Distribution of linked "o";"19060527";1
Distribution of linked "o";"19820728";1
Distribution of linked "o";"18740411";1
Distribution of linked "o";"19460430";1
Distribution of linked "o";"19300319";1
Distribution of linked "o";"19860526";1
Distribution of linked "o";"Q935022";1
Distribution of linked "o";"19240901";1
Distribution of linked "o";"20120227";1
Distribution of linked "o";"19210602";1
Distribution of linked "o";"19580908";1
Distribution of linked "o";"19600106";1
Distribution of linked "o";"19230705";1
Distribution of linked "o";"19861027";1
Distribution of linked "o";"19010128";1
Distribution of linked "o";"19800720";1
Distribution of linked "o";"19610702";1
Distribution of linked "o";"18800614";1
Distribution of linked "o";"19860303";1
Distribution of linked "o";"17900601";1
Distribution of linked "o";"19660923";1
Distribution of linked "o";"19441214";1
Distribution of linked "o";"12040509";1
Distribution of linked "o";"11760000";1
Distribution of linked "o";"18891217";1
Distribution of linked "o";"19780628";1
Distribution of linked "o";"18901226";1
Distribution of linked "o";"18760527";1
Distribution of linked "o";"19470117";1
Distribution of linked "o";"19650328";1
Distribution of linked "o";"19800406";1
Distribution of linked "o";"19091007";1
Distribution of linked "o";"20000611";1
Distribution of linked "o";"18720718";1
Distribution of linked "o";"19300106";1
Distribution of linked "o";"-01510101";1
Distribution of linked "o";"19690609";1
Distribution of linked "o";"16800904";1
Distribution of linked "o";"19500927";1
Distribution of linked "o";"19850623";1
Distribution of linked "o";"19410421";1
Distribution of linked "o";"20150816";1
Distribution of linked "o";"18470619";1
Distribution of linked "o";"19251205";1
Distribution of linked "o";"19380308";1
Distribution of linked "o";"19410506";1
Distribution of linked "o";"18810601";1
Distribution of linked "o";"19330511";1
Distribution of linked "o";"19341112";1
Distribution of linked "o";"19580112";1
Distribution of linked "o";"19590601";1
Distribution of linked "o";"19520326";1
Distribution of linked "o";"19721014";1
Distribution of linked "o";"15861225";1
Distribution of linked "o";"15191109";1
Distribution of linked "o";"19370709";1
Distribution of linked "o";"20070413";1
Distribution of linked "o";"18420228";1
Distribution of linked "o";"19091107";1
Distribution of linked "o";"19560322";1
Distribution of linked "o";"19440127";1
Distribution of linked "o";"18850422";1
Distribution of linked "o";"18820217";1
Distribution of linked "o";"18581212";1
Distribution of linked "o";"14540924";1
Distribution of linked "o";"15300828";1
Distribution of linked "o";"19610715";1
Distribution of linked "o";"18540419";1
Distribution of linked "o";"19270210";1
Distribution of linked "o";"Q449130";1
Distribution of linked "o";"20100407";1
Distribution of linked "o";"19011223";1
Distribution of linked "o";"19620617";1
Distribution of linked "o";"19240821";1
Distribution of linked "o";"20111110";1
Distribution of linked "o";"19461128";1
Distribution of linked "o";"19371025";1
Distribution of linked "o";"19630118";1
Distribution of linked "o";"18081119";1
Distribution of linked "o";"18720626";1
Distribution of linked "o";"18341229";1
Distribution of linked "o";"18900105";1
Distribution of linked "o";"18900608";1
Distribution of linked "o";"19410312";1
Distribution of linked "o";"19420316";1
Distribution of linked "o";"19821229";1
Distribution of linked "o";"19220122";1
Distribution of linked "o";"20130619";1
Distribution of linked "o";"18670624";1
Distribution of linked "o";"19320321";1
Distribution of linked "o";"20120516";1
Distribution of linked "o";"18660703";1
Distribution of linked "o";"19060213";1
Distribution of linked "o";"18870622";1
Distribution of linked "o";"19170605";1
Distribution of linked "o";"11700914";1
Distribution of linked "o";"19160426";1
Distribution of linked "o";"18420422";1
Distribution of linked "o";"19050223";1
Distribution of linked "o";"18790712";1
Distribution of linked "o";"11130309";1
Distribution of linked "o";"10750000";1
Distribution of linked "o";"18680901";1
Distribution of linked "o";"19631029";1
Distribution of linked "o";"19031008";1
Distribution of linked "o";"19381107";1
Distribution of linked "o";"19021021";1
Distribution of linked "o";"19900328";1
Distribution of linked "o";"16380121";1
Distribution of linked "o";"16880606";1
Distribution of linked "o";"18480110";1
Distribution of linked "o";"19110707";1
Distribution of linked "o";"19781002";1
Distribution of linked "o";"19051216";1
Distribution of linked "o";"19850929";1
Distribution of linked "o";"19730422";1
Distribution of linked "o";"19801216";1
Distribution of linked "o";"19981218";1
Distribution of linked "o";"18480415";1
Distribution of linked "o";"18650520";1
Distribution of linked "o";"19471213";1
Distribution of linked "o";"19631010";1
Distribution of linked "o";"19880729";1
Distribution of linked "o";"19660420";1
Distribution of linked "o";"18881018";1
Distribution of linked "o";"19750402";1
Distribution of linked "o";"18960605";1
Distribution of linked "o";"19741012";1
Distribution of linked "o";"18650429";1
Distribution of linked "o";"19590131";1
Distribution of linked "o";"19251020";1
Distribution of linked "o";"20110705";1
Distribution of linked "o";"19070723";1
Distribution of linked "o";"19340122";1
Distribution of linked "o";"18820822";1
Distribution of linked "o";"19800522";1
Distribution of linked "o";"20110305";1
Distribution of linked "o";"19300228";1
Distribution of linked "o";"17791105";1
Distribution of linked "o";"18480131";1
Distribution of linked "o";"19250508";1
Distribution of linked "o";"19900511";1
Distribution of linked "o";"19840901";1
Distribution of linked "o";"18350810";1
Distribution of linked "o";"19050123";1
Distribution of linked "o";"18490303";1
Distribution of linked "o";"19530823";1
Distribution of linked "o";"18790812";1
Distribution of linked "o";"19700325";1
Distribution of linked "o";"19861024";1
Distribution of linked "o";"18790418";1
Distribution of linked "o";"19560620";1
Distribution of linked "o";"19380729";1
Distribution of linked "o";"19670508";1
Distribution of linked "o";"Q665907";1
Distribution of linked "o";"19270421";1
Distribution of linked "o";"19780424";1
Distribution of linked "o";"15320519";1
Distribution of linked "o";"19480903";1
Distribution of linked "o";"18690916";1
Distribution of linked "o";"19390511";1
Distribution of linked "o";"19090514";1
Distribution of linked "o";"19470124";1
Distribution of linked "o";"19390403";1
Distribution of linked "o";"18760918";1
Distribution of linked "o";"19060509";1
Distribution of linked "o";"19081123";1
Distribution of linked "o";"19960713";1
Distribution of linked "o";"18800731";1
Distribution of linked "o";"19670827";1
Distribution of linked "o";"19450725";1
Distribution of linked "o";"17051117";1
Distribution of linked "o";"17670819";1
Distribution of linked "o";"19900521";1
Distribution of linked "o";"19230411";1
Distribution of linked "o";"20100217";1
Distribution of linked "o";"17990919";1
Distribution of linked "o";"18980518";1
Distribution of linked "o";"20010711";1
Distribution of linked "o";"19190730";1
Distribution of linked "o";"20030811";1
Distribution of linked "o";"15900628";1
Distribution of linked "o";"19360411";1
Distribution of linked "o";"19460429";1
Distribution of linked "o";"19310125";1
Distribution of linked "o";"19971102";1
Distribution of linked "o";"18910710";1
Distribution of linked "o";"19700407";1
Distribution of linked "o";"17901215";1
Distribution of linked "o";"18461202";1
Distribution of linked "o";"18790707";1
Distribution of linked "o";"19480203";1
Distribution of linked "o";"19640514";1
Distribution of linked "o";"18290923";1
Distribution of linked "o";"19180212";1
Distribution of linked "o";"18501123";1
Distribution of linked "o";"19330719";1
Distribution of linked "o";"19541231";1
Distribution of linked "o";"18431001";1
Distribution of linked "o";"17820121";1
Distribution of linked "o";"19720302";1
Distribution of linked "o";"18820901";1
Distribution of linked "o";"19730914";1
Distribution of linked "o";"19660830";1
Distribution of linked "o";"18670401";1
Distribution of linked "o";"19520117";1
Distribution of linked "o";"17750413";1
Distribution of linked "o";"18510426";1
Distribution of linked "o";"19450504";1
Distribution of linked "o";"19670527";1
Distribution of linked "o";"19200308";1
Distribution of linked "o";"20031227";1
Distribution of linked "o";"19480813";1
Distribution of linked "o";"19810418";1
Distribution of linked "o";"19281005";1
Distribution of linked "o";"20080121";1
Distribution of linked "o";"19470722";1
Distribution of linked "o";"19410512";1
Distribution of linked "o";"19290207";1
Distribution of linked "o";"20040714";1
Distribution of linked "o";"13030101";1
Distribution of linked "o";"18550710";1
Distribution of linked "o";"19301115";1
Distribution of linked "o";"18800218";1
Distribution of linked "o";"19520626";1
Distribution of linked "o";"20051022";1
Distribution of linked "o";"19440308";1
Distribution of linked "o";"19870811";1
Distribution of linked "o";"19080716";1
Distribution of linked "o";"19680319";1
Distribution of linked "o";"19660405";1
Distribution of linked "o";"19401104";1
Distribution of linked "o";"18610424";1
Distribution of linked "o";"19710325";1
Distribution of linked "o";"19201005";1
Distribution of linked "o";"20021110";1
Distribution of linked "o";"19410915";1
Distribution of linked "o";"19200612";1
Distribution of linked "o";"20101103";1
Distribution of linked "o";"19011204";1
Distribution of linked "o";"19830127";1
Distribution of linked "o";"18940225";1
Distribution of linked "o";"18680201";1
Distribution of linked "o";"19510108";1
Distribution of linked "o";"19571115";1
Distribution of linked "o";"20110928";1
Distribution of linked "o";"18540821";1
Distribution of linked "o";"19140524";1
Distribution of linked "o";"19080509";1
Distribution of linked "o";"19971202";1
Distribution of linked "o";"18420615";1
Distribution of linked "o";"19191021";1
Distribution of linked "o";"17751023";1
Distribution of linked "o";"19731119";1
Distribution of linked "o";"17040114";1
Distribution of linked "o";"17640913";1
Distribution of linked "o";"19350928";1
Distribution of linked "o";"19951017";1
Distribution of linked "o";"17870113";1
Distribution of linked "o";"18360731";1
Distribution of linked "o";"19010506";1
Distribution of linked "o";"19761103";1
Distribution of linked "o";"18670626";1
Distribution of linked "o";"19100504";1
Distribution of linked "o";"19070517";1
Distribution of linked "o";"18861229";1
Distribution of linked "o";"19330610";1
Distribution of linked "o";"19170116";1
Distribution of linked "o";"20040331";1
Distribution of linked "o";"19170701";1
Distribution of linked "o";"19970206";1
Distribution of linked "o";"19251122";1
Distribution of linked "o";"20101116";1
Distribution of linked "o";"14710117";1
Distribution of linked "o";"15290101";1
Distribution of linked "o";"18731102";1
Distribution of linked "o";"19350627";1
Distribution of linked "o";"18710224";1
Distribution of linked "o";"19250313";1
Distribution of linked "o";"18841231";1
Distribution of linked "o";"19740713";1
Distribution of linked "o";"18830201";1
Distribution of linked "o";"19551123";1
Distribution of linked "o";"20011221";1
Distribution of linked "o";"18700721";1
Distribution of linked "o";"19561126";1
Distribution of linked "o";"19390309";1
Distribution of linked "o";"20091214";1
Distribution of linked "o";"19531110";1
Distribution of linked "o";"19670605";1
Distribution of linked "o";"19160903";1
Distribution of linked "o";"19580122";1
Distribution of linked "o";"19430604";1
Distribution of linked "o";"19320510";1
Distribution of linked "o";"19651215";1
Distribution of linked "o";"19011212";1
Distribution of linked "o";"19960714";1
Distribution of linked "o";"19470727";1
Distribution of linked "o";"18860907";1
Distribution of linked "o";"19760126";1
Distribution of linked "o";"18870501";1
Distribution of linked "o";"19581117";1
Distribution of linked "o";"19420416";1
Distribution of linked "o";"19351001";1
Distribution of linked "o";"11210429";1
Distribution of linked "o";"19700719";1
Distribution of linked "o";"19170614";1
Distribution of linked "o";"19921002";1
Distribution of linked "o";"19491129";1
Distribution of linked "o";"18570205";1
Distribution of linked "o";"18360825";1
Distribution of linked "o";"18991213";1
Distribution of linked "o";"18120630";1
Distribution of linked "o";"18820509";1
Distribution of linked "o";"19070505";1
Distribution of linked "o";"19690922";1
Distribution of linked "o";"16370616";1
Distribution of linked "o";"16951108";1
Distribution of linked "o";"18960814";1
Distribution of linked "o";"19580308";1
Distribution of linked "o";"17950513";1
Distribution of linked "o";"18651218";1
Distribution of linked "o";"19260214";1
Distribution of linked "o";"19800323";1
Distribution of linked "o";"19891030";1
Distribution of linked "o";"19820702";1
Distribution of linked "o";"19701124";1
Distribution of linked "o";"15390401";1
Distribution of linked "o";"19250102";1
Distribution of linked "o";"20150605";1
Distribution of linked "o";"16610215";1
Distribution of linked "o";"19220617";1
Distribution of linked "o";"19760229";1
Distribution of linked "o";"17070615";1
Distribution of linked "o";"17710610";1
Distribution of linked "o";"18820423";1
Distribution of linked "o";"19590107";1
Distribution of linked "o";"18640411";1
Distribution of linked "o";"19430517";1
Distribution of linked "o";"18500401";1
Distribution of linked "o";"18941125";1
Distribution of linked "o";"19810817";1
Distribution of linked "o";"19930616";1
Distribution of linked "o";"19250404";1
Distribution of linked "o";"20070225";1
Distribution of linked "o";"18971103";1
Distribution of linked "o";"19781228";1
Distribution of linked "o";"18400820";1
Distribution of linked "o";"18861010";1
Distribution of linked "o";"19350930";1
Distribution of linked "o";"19040205";1
Distribution of linked "o";"19691201";1
Distribution of linked "o";"19051116";1
Distribution of linked "o";"19920720";1
Distribution of linked "o";"19451010";1
Distribution of linked "o";"18760804";1
Distribution of linked "o";"19530819";1
Distribution of linked "o";"17020124";1
Distribution of linked "o";"17230404";1
Distribution of linked "o";"16980709";1
Distribution of linked "o";"17670215";1
Distribution of linked "o";"18100506";1
Distribution of linked "o";"18220426";1
Distribution of linked "o";"19170427";1
Distribution of linked "o";"19291207";1
Distribution of linked "o";"17540330";1
Distribution of linked "o";"18210514";1
Distribution of linked "o";"17560903";1
Distribution of linked "o";"17010426";1
Distribution of linked "o";"19450607";1
Distribution of linked "o";"19090209";1
Distribution of linked "o";"19550805";1
Distribution of linked "o";"18610613";1
Distribution of linked "o";"19380910";1
Distribution of linked "o";"19230729";1
Distribution of linked "o";"20120405";1
Distribution of linked "o";"19340818";1
Distribution of linked "o";"19260909";1
Distribution of linked "o";"20000129";1
Distribution of linked "o";"19890201";1
Distribution of linked "o";"18510909";1
Distribution of linked "o";"19380213";1
Distribution of linked "o";"19750111";1
Distribution of linked "o";"19751222";1
Distribution of linked "o";"19230830";1
Distribution of linked "o";"20150303";1
Distribution of linked "o";"19550901";1
Distribution of linked "o";"19130114";1
Distribution of linked "o";"20031228";1
Distribution of linked "o";"19700908";1
Distribution of linked "o";"19111212";1
Distribution of linked "o";"20080129";1
Distribution of linked "o";"19710409";1
Distribution of linked "o";"18980627";1
Distribution of linked "o";"19421007";1
Distribution of linked "o";"20041008";1
Distribution of linked "o";"19521130";1
Distribution of linked "o";"19971130";1
Distribution of linked "o";"19000523";1
Distribution of linked "o";"19761101";1
Distribution of linked "o";"19001215";1
Distribution of linked "o";"19441024";1
Distribution of linked "o";"15780523";1
Distribution of linked "o";"19051109";1
Distribution of linked "o";"20010925";1
Distribution of linked "o";"18430421";1
Distribution of linked "o";"18720204";1
Distribution of linked "o";"19010331";1
Distribution of linked "o";"19500323";1
Distribution of linked "o";"19150706";1
Distribution of linked "o";"20041004";1
Distribution of linked "o";"19550811";1
Distribution of linked "o";"19870601";1
Distribution of linked "o";"19320108";1
Distribution of linked "o";"18861216";1
Distribution of linked "o";"19620226";1
Distribution of linked "o";"18980909";1
Distribution of linked "o";"19890528";1
Distribution of linked "o";"18900620";1
Distribution of linked "o";"19580207";1
Distribution of linked "o";"18900102";1
Distribution of linked "o";"18490703";1
Distribution of linked "o";"15540315";1
Distribution of linked "o";"17431127";1
Distribution of linked "o";"18121220";1
Distribution of linked "o";"19530402";1
Distribution of linked "o";"18730401";1
Distribution of linked "o";"19200506";1
Distribution of linked "o";"18790523";1
Distribution of linked "o";"18771004";1
Distribution of linked "o";"Q437710";1
Distribution of linked "o";"19430923";1
Distribution of linked "o";"19630309";1
Distribution of linked "o";"18201001";1
Distribution of linked "o";"18781104";1
Distribution of linked "o";"19560430";1
Distribution of linked "o";"16390124";1
Distribution of linked "o";"18860329";1
Distribution of linked "o";"19160325";1
Distribution of linked "o";"19181113";1
Distribution of linked "o";"20091018";1
Distribution of linked "o";"18960227";1
Distribution of linked "o";"19751102";1
Distribution of linked "o";"18721026";1
Distribution of linked "o";"19361226";1
Distribution of linked "o";"19101112";1
Distribution of linked "o";"19630203";1
Distribution of linked "o";"11690627";1
Distribution of linked "o";"10920101";1
Distribution of linked "o";"19601214";1
Distribution of linked "o";"18650901";1
Distribution of linked "o";"18600124";1
Distribution of linked "o";"19210620";1
Distribution of linked "o";"19561016";1
Distribution of linked "o";"16381006";1
Distribution of linked "o";"19710108";1
Distribution of linked "o";"18551123";1
Distribution of linked "o";"19160530";1
Distribution of linked "o";"19480115";1
Distribution of linked "o";"17450115";1
Distribution of linked "o";"18321226";1
Distribution of linked "o";"18151027";1
Distribution of linked "o";"18931230";1
Distribution of linked "o";"18540504";1
Distribution of linked "o";"19490324";1
Distribution of linked "o";"19820729";1
Distribution of linked "o";"18290301";1
Distribution of linked "o";"19031112";1
Distribution of linked "o";"18800713";1
Distribution of linked "o";"19341027";1
Distribution of linked "o";"19540704";1
Distribution of linked "o";"15910923";1
Distribution of linked "o";"16540217";1
Distribution of linked "o";"18560523";1
Distribution of linked "o";"19330428";1
Distribution of linked "o";"19060702";1
Distribution of linked "o";"19470409";1
Distribution of linked "o";"19010930";1
Distribution of linked "o";"19580329";1
Distribution of linked "o";"19690331";1
Distribution of linked "o";"19551020";1
Distribution of linked "o";"19400531";1
Distribution of linked "o";"19641012";1
Distribution of linked "o";"18670222";1
Distribution of linked "o";"19480509";1
Distribution of linked "o";"19600811";1
Distribution of linked "o";"19010614";1
Distribution of linked "o";"19581026";1
Distribution of linked "o";"18260903";1
Distribution of linked "o";"18991013";1
Distribution of linked "o";"15880329";1
Distribution of linked "o";"19270420";1
Distribution of linked "o";"18610913";1
Distribution of linked "o";"19510301";1
Distribution of linked "o";"19050420";1
Distribution of linked "o";"19890422";1
Distribution of linked "o";"19751217";1
Distribution of linked "o";"19680916";1
Distribution of linked "o";"19250108";1
Distribution of linked "o";"20100715";1
Distribution of linked "o";"19881012";1
Distribution of linked "o";"Q1010602";1
Distribution of linked "o";"19430921";1
Distribution of linked "o";"19770222";1
Distribution of linked "o";"17881212";1
Distribution of linked "o";"18640930";1
Distribution of linked "o";"19451105";1
Distribution of linked "o";"19830908";1
Distribution of linked "o";"19300618";1
Distribution of linked "o";"20090324";1
Distribution of linked "o";"17971004";1
Distribution of linked "o";"18541022";1
Distribution of linked "o";"19750812";1
Distribution of linked "o";"17000208";1
Distribution of linked "o";"17000129";1
Distribution of linked "o";"17820317";1
Distribution of linked "o";"19640506";1
Distribution of linked "o";"02230101";1
Distribution of linked "o";"18461111";1
Distribution of linked "o";"19231203";1
Distribution of linked "o";"12451204";1
Distribution of linked "o";"16050402";1
Distribution of linked "o";"16570209";1
Distribution of linked "o";"19300210";1
Distribution of linked "o";"20000327";1
Distribution of linked "o";"-26000101";1
Distribution of linked "o";"18240308";1
Distribution of linked "o";"18931027";1
Distribution of linked "o";"19490809";1
Distribution of linked "o";"18530520";1
Distribution of linked "o";"18260902";1
Distribution of linked "o";"18260922";1
Distribution of linked "o";"18901209";1
Distribution of linked "o";"19600312";1
Distribution of linked "o";"19520129";1
Distribution of linked "o";"18280402";1
Distribution of linked "o";"19110727";1
Distribution of linked "o";"18561005";1
Distribution of linked "o";"19350723";1
Distribution of linked "o";"19060609";1
Distribution of linked "o";"18000122";1
Distribution of linked "o";"18260113";1
Distribution of linked "o";"19121016";1
Distribution of linked "o";"19111111";1
Distribution of linked "o";"19991228";1
Distribution of linked "o";"19861109";1
Distribution of linked "o";"19300904";1
Distribution of linked "o";"20070425";1
Distribution of linked "o";"19671124";1
Distribution of linked "o";"18501225";1
Distribution of linked "o";"19180922";1
Distribution of linked "o";"16600608";1
Distribution of linked "o";"17220529";1
Distribution of linked "o";"16300529";1
Distribution of linked "o";"16850206";1
Distribution of linked "o";"18600527";1
Distribution of linked "o";"19360110";1
Distribution of linked "o";"18011112";1
Distribution of linked "o";"18550118";1
Distribution of linked "o";"18240805";1
Distribution of linked "o";"18961207";1
Distribution of linked "o";"15321202";1
Distribution of linked "o";"18340404";1
Distribution of linked "o";"19040730";1
Distribution of linked "o";"19100222";1
Distribution of linked "o";"19980328";1
Distribution of linked "o";"19551125";1
Distribution of linked "o";"19250718";1
Distribution of linked "o";"20051020";1
Distribution of linked "o";"15440101";1
Distribution of linked "o";"16530101";1
Distribution of linked "o";"17000602";1
Distribution of linked "o";"18470414";1
Distribution of linked "o";"19061018";1
Distribution of linked "o";"19340418";1
Distribution of linked "o";"19290719";1
Distribution of linked "o";"20091124";1
Distribution of linked "o";"19460305";1
Distribution of linked "o";"19850808";1
Distribution of linked "o";"17490408";1
Distribution of linked "o";"18080411";1
Distribution of linked "o";"18730822";1
Distribution of linked "o";"19350209";1
Distribution of linked "o";"18451009";1
Distribution of linked "o";"19190115";1
Distribution of linked "o";"19240713";1
Distribution of linked "o";"19380506";1
Distribution of linked "o";"19521010";1
Distribution of linked "o";"19410306";1
Distribution of linked "o";"17750724";1
Distribution of linked "o";"19750226";1
Distribution of linked "o";"15820130";1
Distribution of linked "o";"16170327";1
Distribution of linked "o";"19870129";1
Distribution of linked "o";"17050610";1
Distribution of linked "o";"17620622";1
Distribution of linked "o";"19321117";1
Distribution of linked "o";"20010130";1
Distribution of linked "o";"15971120";1
Distribution of linked "o";"16541227";1
Distribution of linked "o";"19850926";1
Distribution of linked "o";"19821107";1
Distribution of linked "o";"19020209";1
Distribution of linked "o";"19720630";1
Distribution of linked "o";"19661220";1
Distribution of linked "o";"19470617";1
Distribution of linked "o";"19601221";1
Distribution of linked "o";"19330803";1
Distribution of linked "o";"19250804";1
Distribution of linked "o";"20040422";1
Distribution of linked "o";"19120401";1
Distribution of linked "o";"19580314";1
Distribution of linked "o";"18670329";1
Distribution of linked "o";"19400107";1
Distribution of linked "o";"19630412";1
Distribution of linked "o";"19831004";1
Distribution of linked "o";"20091207";1
Distribution of linked "o";"17171210";1
Distribution of linked "o";"18000117";1
Distribution of linked "o";"19600514";1
Distribution of linked "o";"18210718";1
Distribution of linked "o";"19100518";1
Distribution of linked "o";"18921025";1
Distribution of linked "o";"18230201";1
Distribution of linked "o";"19191115";1
Distribution of linked "o";"18661212";1
Distribution of linked "o";"18180725";1
Distribution of linked "o";"18891008";1
Distribution of linked "o";"19740828";1
Distribution of linked "o";"18610215";1
Distribution of linked "o";"19380613";1
Distribution of linked "o";"17660422";1
Distribution of linked "o";"18170714";1
Distribution of linked "o";"16890316";1
Distribution of linked "o";"18630923";1
Distribution of linked "o";"18270612";1
Distribution of linked "o";"19010707";1
Distribution of linked "o";"19350703";1
Distribution of linked "o";"18271016";1
Distribution of linked "o";"16950801";1
Distribution of linked "o";"17571121";1
Distribution of linked "o";"19740903";1
Distribution of linked "o";"13880000";1
Distribution of linked "o";"17671025";1
Distribution of linked "o";"18301208";1
Distribution of linked "o";"19470126";1
Distribution of linked "o";"Q654978";1
Distribution of linked "o";"19460614";1
Distribution of linked "o";"20090704";1
Distribution of linked "o";"19300225";1
Distribution of linked "o";"19160113";1
Distribution of linked "o";"19180205";1
Distribution of linked "o";"19950724";1
Distribution of linked "o";"19750507";1
Distribution of linked "o";"20050816";1
Distribution of linked "o";"19150512";1
Distribution of linked "o";"19600428";1
Distribution of linked "o";"19070130";1
Distribution of linked "o";"19911017";1
Distribution of linked "o";"04400101";1
Distribution of linked "o";"05230101";1
Distribution of linked "o";"19840302";1
Distribution of linked "o";"20080202";1
Distribution of linked "o";"18690130";1
Distribution of linked "o";"19190517";1
Distribution of linked "o";"18920310";1
Distribution of linked "o";"19551127";1
Distribution of linked "o";"18590211";1
Distribution of linked "o";"19340915";1
Distribution of linked "o";"19720531";1
Distribution of linked "o";"19430426";1
Distribution of linked "o";"19010830";1
Distribution of linked "o";"19651126";1
Distribution of linked "o";"16470514";1
Distribution of linked "o";"17060927";1
Distribution of linked "o";"17780301";1
Distribution of linked "o";"18321002";1
Distribution of linked "o";"19151224";1
Distribution of linked "o";"20080213";1
Distribution of linked "o";"19540216";1
Distribution of linked "o";"18880908";1
Distribution of linked "o";"19671111";1
Distribution of linked "o";"18830721";1
Distribution of linked "o";"19600724";1
Distribution of linked "o";"19701107";1
Distribution of linked "o";"18410801";1
Distribution of linked "o";"19240326";1
Distribution of linked "o";"18931107";1
Distribution of linked "o";"19700213";1
Distribution of linked "o";"15250501";1
Distribution of linked "o";"19061012";1
Distribution of linked "o";"18550211";1
Distribution of linked "o";"19300824";1
Distribution of linked "o";"19080523";1
Distribution of linked "o";"19421115";1
Distribution of linked "o";"19311217";1
Distribution of linked "o";"19970825";1
Distribution of linked "o";"18880505";1
Distribution of linked "o";"19710503";1
Distribution of linked "o";"19140509";1
Distribution of linked "o";"19960830";1
Distribution of linked "o";"15240907";1
Distribution of linked "o";"15831231";1
Distribution of linked "o";"18840504";1
Distribution of linked "o";"19670530";1
Distribution of linked "o";"18310118";1
Distribution of linked "o";"19130722";1
Distribution of linked "o";"18091007";1
Distribution of linked "o";"16831106";1
Distribution of linked "o";"17531119";1
Distribution of linked "o";"18680402";1
Distribution of linked "o";"19620304";1
Distribution of linked "o";"18980419";1
Distribution of linked "o";"19750926";1
Distribution of linked "o";"18211205";1
Distribution of linked "o";"19300327";1
Distribution of linked "o";"19070104";1
Distribution of linked "o";"19291222";1
Distribution of linked "o";"20090818";1
Distribution of linked "o";"20030201";1
Distribution of linked "o";"18480821";1
Distribution of linked "o";"19110918";1
Distribution of linked "o";"19441025";1
Distribution of linked "o";"17910206";1
Distribution of linked "o";"18711229";1
Distribution of linked "o";"20140702";1
Distribution of linked "o";"18190319";1
Distribution of linked "o";"18850216";1
Distribution of linked "o";"17030118";1
Distribution of linked "o";"17850805";1
Distribution of linked "o";"20120308";1
Distribution of linked "o";"18770309";1
Distribution of linked "o";"17341024";1
Distribution of linked "o";"17820613";1
Distribution of linked "o";"19020602";1
Distribution of linked "o";"19680906";1
Distribution of linked "o";"19690220";1
Distribution of linked "o";"15600117";1
Distribution of linked "o";"16241205";1
Distribution of linked "o";"18911010";1
Distribution of linked "o";"19540612";1
Distribution of linked "o";"19280524";1
Distribution of linked "o";"20150910";1
Distribution of linked "o";"17931116";1
Distribution of linked "o";"18670509";1
Distribution of linked "o";"17550214";1
Distribution of linked "o";"18310804";1
Distribution of linked "o";"18371202";1
Distribution of linked "o";"19210228";1
Distribution of linked "o";"15950930";1
Distribution of linked "o";"16500126";1
Distribution of linked "o";"16560102";1
Distribution of linked "o";"16990312";1
Distribution of linked "o";"17680529";1
Distribution of linked "o";"18310601";1
Distribution of linked "o";"15411212";1
Distribution of linked "o";"16131026";1
Distribution of linked "o";"19470405";1
Distribution of linked "o";"19280316";1
Distribution of linked "o";"20160207";1
Distribution of linked "o";"17270208";1
Distribution of linked "o";"18171107";1
Distribution of linked "o";"18171108";1
Distribution of linked "o";"Q117935";1
Distribution of linked "o";"19650922";1
Distribution of linked "o";"19340419";1
Distribution of linked "o";"15880228";1
Distribution of linked "o";"15140722";1
Distribution of linked "o";"19201202";1
Distribution of linked "o";"20080903";1
Distribution of linked "o";"19281228";1
Distribution of linked "o";"20151020";1
Distribution of linked "o";"15401016";1
Distribution of linked "o";"16041117";1
Distribution of linked "o";"19560911";1
Distribution of linked "o";"18260329";1
Distribution of linked "o";"18951011";1
Distribution of linked "o";"19440114";1
Distribution of linked "o";"18210710";1
Distribution of linked "o";"18811209";1
Distribution of linked "o";"18970527";1
Distribution of linked "o";"19820628";1
Distribution of linked "o";"18500716";1
Distribution of linked "o";"18660512";1
Distribution of linked "o";"18950125";1
Distribution of linked "o";"19860427";1
Distribution of linked "o";"19091220";1
Distribution of linked "o";"19671230";1
Distribution of linked "o";"19260708";1
Distribution of linked "o";"20040824";1
Distribution of linked "o";"Q670186";1
Distribution of linked "o";"19690916";1
Distribution of linked "o";"19460118";1
Distribution of linked "o";"16780415";1
Distribution of linked "o";"16290000";1
Distribution of linked "o";"18871123";1
Distribution of linked "o";"19670223";1
Distribution of linked "o";"19980830";1
Distribution of linked "o";"19740415";1
Distribution of linked "o";"16570303";1
Distribution of linked "o";"19051110";1
Distribution of linked "o";"19680426";1
Distribution of linked "o";"19250425";1
Distribution of linked "o";"19920424";1
Distribution of linked "o";"19040816";1
Distribution of linked "o";"19720624";1
Distribution of linked "o";"17400602";1
Distribution of linked "o";"18141202";1
Distribution of linked "o";"19470924";1
Distribution of linked "o";"19420224";1
Distribution of linked "o";"12990101";1
Distribution of linked "o";"18750902";1
Distribution of linked "o";"19310326";1
Distribution of linked "o";"19980304";1
Distribution of linked "o";"19681209";1
Distribution of linked "o";"19450619";1
Distribution of linked "o";"18810129";1
Distribution of linked "o";"19600702";1
Distribution of linked "o";"18801109";1
Distribution of linked "o";"19741130";1
Distribution of linked "o";"18240324";1
Distribution of linked "o";"19810524";1
Distribution of linked "o";"19380227";1
Distribution of linked "o";"20100826";1
Distribution of linked "o";"18230717";1
Distribution of linked "o";"19000627";1
Distribution of linked "o";"19110815";1
Distribution of linked "o";"19901215";1
Distribution of linked "o";"19420112";1
Distribution of linked "o";"19230625";1
Distribution of linked "o";"20041017";1
Distribution of linked "o";"18421015";1
Distribution of linked "o";"19140204";1
Distribution of linked "o";"16871021";1
Distribution of linked "o";"16871010";1
Distribution of linked "o";"17591129";1
Distribution of linked "o";"19020426";1
Distribution of linked "o";"17100528";1
Distribution of linked "o";"17100518";1
Distribution of linked "o";"17900717";1
Distribution of linked "o";"17900718";1
Distribution of linked "o";"16950206";1
Distribution of linked "o";"16950127";1
Distribution of linked "o";"17260731";1
Distribution of linked "o";"17260729";1
Distribution of linked "o";"19970217";1
Distribution of linked "o";"19240701";1
Distribution of linked "o";"20080204";1
Distribution of linked "o";"19190911";1
Distribution of linked "o";"20040822";1
Distribution of linked "o";"19350324";1
Distribution of linked "o";"19041206";1
Distribution of linked "o";"20020506";1
Distribution of linked "o";"19510420";1
Distribution of linked "o";"Q727904";1
Distribution of linked "o";"19050803";1
Distribution of linked "o";"19180803";1
Distribution of linked "o";"19830411";1
Distribution of linked "o";"16440212";1
Distribution of linked "o";"17300101";1
Distribution of linked "o";"14880601";1
Distribution of linked "o";"15630328";1
Distribution of linked "o";"15131227";1
Distribution of linked "o";"18270630";1
Distribution of linked "o";"18900513";1
Distribution of linked "o";"18810521";1
Distribution of linked "o";"19581127";1
Distribution of linked "o";"18830708";1
Distribution of linked "o";"19411106";1
Distribution of linked "o";"20110712";1
Distribution of linked "o";"19080717";1
Distribution of linked "o";"19700602";1
Distribution of linked "o";"19000510";1
Distribution of linked "o";"19450108";1
Distribution of linked "o";"18090211";1
Distribution of linked "o";"18820213";1
Distribution of linked "o";"19510815";1
Distribution of linked "o";"18530914";1
Distribution of linked "o";"19120713";1
Distribution of linked "o";"15520318";1
Distribution of linked "o";"16100222";1
Distribution of linked "o";"19011125";1
Distribution of linked "o";"17620209";1
Distribution of linked "o";"19240523";1
Distribution of linked "o";"20130203";1
Distribution of linked "o";"19550424";1
Distribution of linked "o";"18880626";1
Distribution of linked "o";"19530113";1
Distribution of linked "o";"18051022";1
Distribution of linked "o";"18761003";1
Distribution of linked "o";"20121017";1
Distribution of linked "o";"19060910";1
Distribution of linked "o";"19030613";1
Distribution of linked "o";"19850201";1
Distribution of linked "o";"18190302";1
Distribution of linked "o";"18850125";1
Distribution of linked "o";"19111116";1
Distribution of linked "o";"20070422";1
Distribution of linked "o";"19750903";1
Distribution of linked "o";"15170926";1
Distribution of linked "o";"19740823";1
Distribution of linked "o";"19830903";1
Distribution of linked "o";"19110305";1
Distribution of linked "o";"20030318";1
Distribution of linked "o";"19030106";1
Distribution of linked "o";"19880317";1
Distribution of linked "o";"19601015";1
Distribution of linked "o";"20091029";1
Distribution of linked "o";"19311205";1
Distribution of linked "o";"19440229";1
Distribution of linked "o";"16850222";1
Distribution of linked "o";"18270117";1
Distribution of linked "o";"16350124";1
Distribution of linked "o";"16340124";1
Distribution of linked "o";"16840424";1
Distribution of linked "o";"19431204";1
Distribution of linked "o";"19220715";1
Distribution of linked "o";"20110807";1
Distribution of linked "o";"18310123";1
Distribution of linked "o";"18920222";1
Distribution of linked "o";"18930222";1
Distribution of linked "o";"19201221";1
Distribution of linked "o";"18750222";1
Distribution of linked "o";"19590817";1
Distribution of linked "o";"19251012";1
Distribution of linked "o";"17550705";1
Distribution of linked "o";"18090423";1
Distribution of linked "o";"18100904";1
Distribution of linked "o";"19470522";1
Distribution of linked "o";"20140612";1
Distribution of linked "o";"18180322";1
Distribution of linked "o";"18590519";1
Distribution of linked "o";"18231125";1
Distribution of linked "o";"18651110";1
Distribution of linked "o";"18571211";1
Distribution of linked "o";"18901017";1
Distribution of linked "o";"16570301";1
Distribution of linked "o";"17400601";1
Distribution of linked "o";"20040504";1
Distribution of linked "o";"19420710";1
Distribution of linked "o";"16910923";1
Distribution of linked "o";"17590627";1
Distribution of linked "o";"16430213";1
Distribution of linked "o";"17180521";1
Distribution of linked "o";"19700426";1
Distribution of linked "o";"19490901";1
Distribution of linked "o";"19360905";1
Distribution of linked "o";"20110707";1
Distribution of linked "o";"19290920";1
Distribution of linked "o";"20061229";1
Distribution of linked "o";"18230213";1
Distribution of linked "o";"18230223";1
Distribution of linked "o";"18641223";1
Distribution of linked "o";"18840430";1
Distribution of linked "o";"19550505";1
Distribution of linked "o";"18850225";1
Distribution of linked "o";"19591119";1
Distribution of linked "o";"19320409";1
Distribution of linked "o";"20060920";1
Distribution of linked "o";"19390728";1
Distribution of linked "o";"17921213";1
Distribution of linked "o";"18740722";1
Distribution of linked "o";"18170602";1
Distribution of linked "o";"18950217";1
Distribution of linked "o";"19160902";1
Distribution of linked "o";"18460425";1
Distribution of linked "o";"19210507";1
Distribution of linked "o";"18590909";1
Distribution of linked "o";"19540825";1
Distribution of linked "o";"19230206";1
Distribution of linked "o";"20100312";1
Distribution of linked "o";"19230824";1
Distribution of linked "o";"18930221";1
Distribution of linked "o";"18001109";1
Distribution of linked "o";"18591203";1
Distribution of linked "o";"19420323";1
Distribution of linked "o";"19420827";1
Distribution of linked "o";"19461225";1
Distribution of linked "o";"18260921";1
Distribution of linked "o";"19100821";1
Distribution of linked "o";"18860310";1
Distribution of linked "o";"19440504";1
Distribution of linked "o";"19470203";1
Distribution of linked "o";"17750826";1
Distribution of linked "o";"18510801";1
Distribution of linked "o";"18740805";1
Distribution of linked "o";"19421004";1
Distribution of linked "o";"17630122";1
Distribution of linked "o";"18040611";1
Distribution of linked "o";"20051004";1
Distribution of linked "o";"18770911";1
Distribution of linked "o";"17790912";1
Distribution of linked "o";"18190518";1
Distribution of linked "o";"19920613";1
Distribution of linked "o";"18680216";1
Distribution of linked "o";"19521230";1
Distribution of linked "o";"Q4181424";1
Distribution of linked "o";"18961201";1
Distribution of linked "o";"19740618";1
Distribution of linked "o";"19160107";1
Distribution of linked "o";"19440912";1
Distribution of linked "o";"18870730";1
Distribution of linked "o";"19020809";1
Distribution of linked "o";"19570615";1
Distribution of linked "o";"17950818";1
Distribution of linked "o";"18280429";1
Distribution of linked "o";"19521126";1
Distribution of linked "o";"19671104";1
Distribution of linked "o";"18340512";1
Distribution of linked "o";"19270706";1
Distribution of linked "o";"19350614";1
Distribution of linked "o";"18660928";1
Distribution of linked "o";"19501106";1
Distribution of linked "o";"19051105";1
Distribution of linked "o";"18790711";1
Distribution of linked "o";"19591027";1
Distribution of linked "o";"19300420";1
Distribution of linked "o";"19370924";1
Distribution of linked "o";"19810522";1
Distribution of linked "o";"19251123";1
Distribution of linked "o";"16950903";1
Distribution of linked "o";"17640330";1
Distribution of linked "o";"18920428";1
Distribution of linked "o";"19611121";1
Distribution of linked "o";"17980520";1
Distribution of linked "o";"18670108";1
Distribution of linked "o";"18130913";1
Distribution of linked "o";"18830614";1
Distribution of linked "o";"19680403";1
Distribution of linked "o";"19000414";1
Distribution of linked "o";"19890113";1
Distribution of linked "o";"19500130";1
Distribution of linked "o";"17700314";1
Distribution of linked "o";"19950730";1
Distribution of linked "o";"19840710";1
Distribution of linked "o";"16680421";1
Distribution of linked "o";"17480228";1
Distribution of linked "o";"19680320";1
Distribution of linked "o";"17740416";1
Distribution of linked "o";"18500314";1
Distribution of linked "o";"18940403";1
Distribution of linked "o";"18751114";1
Distribution of linked "o";"16500325";1
Distribution of linked "o";"17101109";1
Distribution of linked "o";"18400228";1
Distribution of linked "o";"19250928";1
Distribution of linked "o";"17951016";1
Distribution of linked "o";"18380605";1
Distribution of linked "o";"18360204";1
Distribution of linked "o";"19620228";1
Distribution of linked "o";"19310508";1
Distribution of linked "o";"19040514";1
Distribution of linked "o";"19610616";1
Distribution of linked "o";"19190120";1
Distribution of linked "o";"14350322";1
Distribution of linked "o";"17390820";1
Distribution of linked "o";"18071026";1
Distribution of linked "o";"18710131";1
Distribution of linked "o";"19411101";1
Distribution of linked "o";"19170817";1
Distribution of linked "o";"20030418";1
Distribution of linked "o";"15830725";1
Distribution of linked "o";"19530215";1
Distribution of linked "o";"19220403";1
Distribution of linked "o";"20040121";1
Distribution of linked "o";"18820107";1
Distribution of linked "o";"19400920";1
Distribution of linked "o";"19530218";1
Distribution of linked "o";"19860612";1
Distribution of linked "o";"19260611";1
Distribution of linked "o";"20031226";1
Distribution of linked "o";"17210203";1
Distribution of linked "o";"17810128";1
Distribution of linked "o";"18731210";1
Distribution of linked "o";"19330514";1
Distribution of linked "o";"17451216";1
Distribution of linked "o";"18021021";1
Distribution of linked "o";"19771002";1
Distribution of linked "o";"18750622";1
Distribution of linked "o";"19810410";1
Distribution of linked "o";"-05950101";1
Distribution of linked "o";"19450506";1
Distribution of linked "o";"19661023";1
Distribution of linked "o";"Q782658";1
Distribution of linked "o";"19810324";1
Distribution of linked "o";"Q1532531";1
Distribution of linked "o";"19420325";1
Distribution of linked "o";"19350906";1
Distribution of linked "o";"20030202";1
Distribution of linked "o";"19050313";1
Distribution of linked "o";"19980810";1
Distribution of linked "o";"18931006";1
Distribution of linked "o";"19631205";1
Distribution of linked "o";"19640201";1
Distribution of linked "o";"19490711";1
Distribution of linked "o";"19280321";1
Distribution of linked "o";"20060629";1
Distribution of linked "o";"19560115";1
Distribution of linked "o";"18190814";1
Distribution of linked "o";"18790208";1
Distribution of linked "o";"18610628";1
Distribution of linked "o";"19180501";1
Distribution of linked "o";"18260216";1
Distribution of linked "o";"18931102";1
Distribution of linked "o";"19250611";1
Distribution of linked "o";"18730521";1
Distribution of linked "o";"19530917";1
Distribution of linked "o";"16141122";1
Distribution of linked "o";"16291125";1
Distribution of linked "o";"18370409";1
Distribution of linked "o";"19150914";1
Distribution of linked "o";"18720921";1
Distribution of linked "o";"19420419";1
Distribution of linked "o";"18410424";1
Distribution of linked "o";"17380308";1
Distribution of linked "o";"19400312";1
Distribution of linked "o";"19971004";1
Distribution of linked "o";"19200417";1
Distribution of linked "o";"19421029";1
Distribution of linked "o";"19730727";1
Distribution of linked "o";"14960212";1
Distribution of linked "o";"15771118";1
Distribution of linked "o";"18871215";1
Distribution of linked "o";"19550911";1
Distribution of linked "o";"17801231";1
Distribution of linked "o";"18510628";1
Distribution of linked "o";"18681222";1
Distribution of linked "o";"16580309";1
Distribution of linked "o";"17321020";1
Distribution of linked "o";"19350414";1
Distribution of linked "o";"19010209";1
Distribution of linked "o";"19950314";1
Distribution of linked "o";"19470906";1
Distribution of linked "o";"14340505";1
Distribution of linked "o";"20100726";1
Distribution of linked "o";"19580214";1
Distribution of linked "o";"19551126";1
Distribution of linked "o";"18890331";1
Distribution of linked "o";"19630903";1
Distribution of linked "o";"19491110";1
Distribution of linked "o";"17950829";1
Distribution of linked "o";"18670317";1
Distribution of linked "o";"18600223";1
Distribution of linked "o";"18840102";1
Distribution of linked "o";"18890714";1
Distribution of linked "o";"19720225";1
Distribution of linked "o";"19740321";1
Distribution of linked "o";"19130620";1
Distribution of linked "o";"20020821";1
Distribution of linked "o";"19790731";1
Distribution of linked "o";"18261223";1
Distribution of linked "o";"19650714";1
Distribution of linked "o";"20080316";1
Distribution of linked "o";"19310716";1
Distribution of linked "o";"19690218";1
Distribution of linked "o";"19520617";1
Distribution of linked "o";"19340109";1
Distribution of linked "o";"19130902";1
Distribution of linked "o";"19750802";1
Distribution of linked "o";"18990506";1
Distribution of linked "o";"19651109";1
Distribution of linked "o";"19330501";1
Distribution of linked "o";"19691030";1
Distribution of linked "o";"15630420";1
Distribution of linked "o";"16180904";1
Distribution of linked "o";"19150510";1
Distribution of linked "o";"19950207";1
Distribution of linked "o";"19140607";1
Distribution of linked "o";"19990801";1
Distribution of linked "o";"19110121";1
Distribution of linked "o";"19810605";1
Distribution of linked "o";"19641115";1
Distribution of linked "o";"18370307";1
Distribution of linked "o";"18821120";1
Distribution of linked "o";"19641110";1
Distribution of linked "o";"19331120";1
Distribution of linked "o";"19660423";1
Distribution of linked "o";"19291127";1
Distribution of linked "o";"18930517";1
Distribution of linked "o";"19820412";1
Distribution of linked "o";"-00440101";1
Distribution of linked "o";"-00460000";1
Distribution of linked "o";"19140401";1
Distribution of linked "o";"19930407";1
Distribution of linked "o";"19121020";1
Distribution of linked "o";"20050211";1
Distribution of linked "o";"17380809";1
Distribution of linked "o";"18151217";1
Distribution of linked "o";"20070227";1
Distribution of linked "o";"19381030";1
Distribution of linked "o";"19550912";1
Distribution of linked "o";"19200303";1
Distribution of linked "o";"19220226";1
Distribution of linked "o";"20010115";1
Distribution of linked "o";"19131216";1
Distribution of linked "o";"19370613";1
Distribution of linked "o";"19941127";1
Distribution of linked "o";"18500320";1
Distribution of linked "o";"19260717";1
Distribution of linked "o";"19800308";1
Distribution of linked "o";"19530116";1
Distribution of linked "o";"20060110";1
Distribution of linked "o";"18820921";1
Distribution of linked "o";"19501011";1
Distribution of linked "o";"19900810";1
Distribution of linked "o";"18170219";1
Distribution of linked "o";"18901123";1
Distribution of linked "o";"16060720";1
Distribution of linked "o";"16740730";1
Distribution of linked "o";"18451002";1
Distribution of linked "o";"18680428";1
Distribution of linked "o";"19111007";1
Distribution of linked "o";"19111011";1
Distribution of linked "o";"19850903";1
Distribution of linked "o";"19460731";1
Distribution of linked "o";"18800618";1
Distribution of linked "o";"17991022";1
Distribution of linked "o";"18330918";1
Distribution of linked "o";"19551004";1
Distribution of linked "o";"19390801";1
Distribution of linked "o";"19920617";1
Distribution of linked "o";"19750215";1
Distribution of linked "o";"18760718";1
Distribution of linked "o";"19600624";1
Distribution of linked "o";"19420603";1
Distribution of linked "o";"19281227";1
Distribution of linked "o";"19940316";1
Distribution of linked "o";"18900803";1
Distribution of linked "o";"19720702";1
Distribution of linked "o";"19600925";1
Distribution of linked "o";"19700126";1
Distribution of linked "o";"19470513";1
Distribution of linked "o";"19430530";1
Distribution of linked "o";"18500419";1
Distribution of linked "o";"19330513";1
Distribution of linked "o";"19210614";1
Distribution of linked "o";"19971127";1
Distribution of linked "o";"19360313";1
Distribution of linked "o";"19830226";1
Distribution of linked "o";"18490901";1
Distribution of linked "o";"19220720";1
Distribution of linked "o";"18610305";1
Distribution of linked "o";"19470321";1
Distribution of linked "o";"19410324";1
Distribution of linked "o";"19900227";1
Distribution of linked "o";"19700114";1
Distribution of linked "o";"18920806";1
Distribution of linked "o";"19920000";1
Distribution of linked "o";"18990729";1
Distribution of linked "o";"19531007";1
Distribution of linked "o";"20000207";1
Distribution of linked "o";"19390113";1
Distribution of linked "o";"18670303";1
Distribution of linked "o";"19730902";1
Distribution of linked "o";"19411215";1
Distribution of linked "o";"19920328";1
Distribution of linked "o";"19691023";1
Distribution of linked "o";"19400521";1
Distribution of linked "o";"19380429";1
Distribution of linked "o";"19500601";1
Distribution of linked "o";"18800420";1
Distribution of linked "o";"19190406";1
Distribution of linked "o";"18450910";1
Distribution of linked "o";"19490905";1
Distribution of linked "o";"19940510";1
Distribution of linked "o";"15940309";1
Distribution of linked "o";"18830628";1
Distribution of linked "o";"19680112";1
Distribution of linked "o";"19290509";1
Distribution of linked "o";"20150606";1
Distribution of linked "o";"18430425";1
Distribution of linked "o";"16820317";1
Distribution of linked "o";"17260704";1
Distribution of linked "o";"19620502";1
Distribution of linked "o";"18870403";1
Distribution of linked "o";"19730525";1
Distribution of linked "o";"18650919";1
Distribution of linked "o";"18420529";1
Distribution of linked "o";"18800427";1
Distribution of linked "o";"19560405";1
Distribution of linked "o";"19540501";1
Distribution of linked "o";"19870913";1
Distribution of linked "o";"16331014";1
Distribution of linked "o";"17010916";1
Distribution of linked "o";"19810615";1
Distribution of linked "o";"19910214";1
Distribution of linked "o";"10630101";1
Distribution of linked "o";"11390125";1
Distribution of linked "o";"18660131";1
Distribution of linked "o";"19600810";1
Distribution of linked "o";"19060812";1
Distribution of linked "o";"19990121";1
Distribution of linked "o";"19161011";1
Distribution of linked "o";"20051114";1
Distribution of linked "o";"18710718";1
Distribution of linked "o";"19510610";1
Distribution of linked "o";"19760605";1
Distribution of linked "o";"19250831";1
Distribution of linked "o";"19810831";1
Distribution of linked "o";"19000905";1
Distribution of linked "o";"19950617";1
Distribution of linked "o";"18590405";1
Distribution of linked "o";"19300423";1
Distribution of linked "o";"19241010";1
Distribution of linked "o";"19990118";1
Distribution of linked "o";"18560902";1
Distribution of linked "o";"19340515";1
Distribution of linked "o";"19150408";1
Distribution of linked "o";"19940507";1
Distribution of linked "o";"19560917";1
Distribution of linked "o";"20071019";1
Distribution of linked "o";"17790101";1
Distribution of linked "o";"18560131";1
Distribution of linked "o";"19120207";1
Distribution of linked "o";"19701130";1
Distribution of linked "o";"18570802";1
Distribution of linked "o";"19190829";1
Distribution of linked "o";"19560510";1
Distribution of linked "o";"19830218";1
Distribution of linked "o";"20060704";1
Distribution of linked "o";"19840702";1
Distribution of linked "o";"18670127";1
Distribution of linked "o";"17571208";1
Distribution of linked "o";"18360222";1
Distribution of linked "o";"Q2368306";1
Distribution of linked "o";"19620222";1
Distribution of linked "o";"20060904";1
Distribution of linked "o";"12670923";1
Distribution of linked "o";"12310101";1
Distribution of linked "o";"20120513";1
Distribution of linked "o";"19040815";1
Distribution of linked "o";"19180421";1
Distribution of linked "o";"20090715";1
Distribution of linked "o";"19291208";1
Distribution of linked "o";"20090723";1
Distribution of linked "o";"19901018";1
Distribution of linked "o";"19430422";1
Distribution of linked "o";"19960805";1
Distribution of linked "o";"18640226";1
Distribution of linked "o";"18880526";1
Distribution of linked "o";"19420127";1
Distribution of linked "o";"19420128";1
Distribution of linked "o";"18330923";1
Distribution of linked "o";"18810725";1
Distribution of linked "o";"Q221150";1
Distribution of linked "o";"19561118";1
Distribution of linked "o";"19311113";1
Distribution of linked "o";"19571112";1
Distribution of linked "o";"17260826";1
Distribution of linked "o";"16790000";1
Distribution of linked "o";"18950120";1
Distribution of linked "o";"19660526";1
Distribution of linked "o";"18891116";1
Distribution of linked "o";"19750807";1
Distribution of linked "o";"19590920";1
Distribution of linked "o";"19511216";1
Distribution of linked "o";"19570316";1
Distribution of linked "o";"19070722";1
Distribution of linked "o";"19931102";1
Distribution of linked "o";"17070921";1
Distribution of linked "o";"17910625";1
Distribution of linked "o";"18770626";1
Distribution of linked "o";"19290824";1
Distribution of linked "o";"19510409";1
Distribution of linked "o";"18710226";1
Distribution of linked "o";"Q7051717";1
Distribution of linked "o";"19321004";1
Distribution of linked "o";"20090224";1
Distribution of linked "o";"19781222";1
Distribution of linked "o";"Q87231";1
Distribution of linked "o";"19441130";1
Distribution of linked "o";"19000613";1
Distribution of linked "o";"19620819";1
Distribution of linked "o";"16870425";1
Distribution of linked "o";"18880130";1
Distribution of linked "o";"19311214";1
Distribution of linked "o";"Q126976";1
Distribution of linked "o";"17400708";1
Distribution of linked "o";"Q126941";1
Distribution of linked "o";"19660615";1
Distribution of linked "o";"19910403";1
Distribution of linked "o";"18020506";1
Distribution of linked "o";"18830626";1
Distribution of linked "o";"19450723";1
Distribution of linked "o";"15970807";1
Distribution of linked "o";"15600811";1
Distribution of linked "o";"18740402";1
Distribution of linked "o";"19180525";1
Distribution of linked "o";"19630905";1
Distribution of linked "o";"19521221";1
Distribution of linked "o";"19940306";1
Distribution of linked "o";"19260623";1
Distribution of linked "o";"20010918";1
Distribution of linked "o";"19311006";1
Distribution of linked "o";"Q581423";1
Distribution of linked "o";"19910420";1
Distribution of linked "o";"19430429";1
Distribution of linked "o";"19420420";1
Distribution of linked "o";"19401217";1
Distribution of linked "o";"18521219";1
Distribution of linked "o";"19310509";1
Distribution of linked "o";"19861207";1
Distribution of linked "o";"18441018";1
Distribution of linked "o";"19110713";1
Distribution of linked "o";"19550513";1
Distribution of linked "o";"Q432732";1
Distribution of linked "o";"19401221";1
Distribution of linked "o";"19931204";1
Distribution of linked "o";"17500401";1
Distribution of linked "o";"18120228";1
Distribution of linked "o";"18910204";1
Distribution of linked "o";"19840501";1
Distribution of linked "o";"19950815";1
Distribution of linked "o";"17751024";1
Distribution of linked "o";"18621107";1
Distribution of linked "o";"19690604";1
Distribution of linked "o";"18800126";1
Distribution of linked "o";"19740919";1
Distribution of linked "o";"18290302";1
Distribution of linked "o";"19060514";1
Distribution of linked "o";"19850609";1
Distribution of linked "o";"20110718";1
Distribution of linked "o";"Q18704184";1
Distribution of linked "o";"19810119";1
Distribution of linked "o";"19541226";1
Distribution of linked "o";"19070407";1
Distribution of linked "o";"19850129";1
Distribution of linked "o";"19790419";1
Distribution of linked "o";"19870612";1
Distribution of linked "o";"18010522";1
Distribution of linked "o";"18801210";1
Distribution of linked "o";"19050528";1
Distribution of linked "o";"19690905";1
Distribution of linked "o";"19791212";1
Distribution of linked "o";"19771003";1
Distribution of linked "o";"19260325";1
Distribution of linked "o";"19960409";1
Distribution of linked "o";"19380829";1
Distribution of linked "o";"19060205";1
Distribution of linked "o";"19060215";1
Distribution of linked "o";"18210412";1
Distribution of linked "o";"18800214";1
Distribution of linked "o";"Q378628";1
Distribution of linked "o";"Q1201283";1
Distribution of linked "o";"Q1210267";1
Distribution of linked "o";"19870329";1
Distribution of linked "o";"19050426";1
Distribution of linked "o";"19881114";1
Distribution of linked "o";"19080626";1
Distribution of linked "o";"19661008";1
Distribution of linked "o";"20051108";1
Distribution of linked "o";"19720703";1
Distribution of linked "o";"18700321";1
Distribution of linked "o";"19350207";1
Distribution of linked "o";"Q6835109";1
Distribution of linked "o";"19530313";1
Distribution of linked "o";"19930620";1
Distribution of linked "o";"18450515";1
Distribution of linked "o";"19340912";1
Distribution of linked "o";"19660822";1
Distribution of linked "o";"19060630";1
Distribution of linked "o";"15110730";1
Distribution of linked "o";"15740627";1
Distribution of linked "o";"19121021";1
Distribution of linked "o";"19970905";1
Distribution of linked "o";"19590209";1
Distribution of linked "o";"19270523";1
Distribution of linked "o";"19930501";1
Distribution of linked "o";"19770105";1
Distribution of linked "o";"10130101";1
Distribution of linked "o";"09200101";1
Distribution of linked "o";"09730101";1
Distribution of linked "o";"14680406";1
Distribution of linked "o";"15340000";1
Distribution of linked "o";"18141227";1
Distribution of linked "o";"19770529";1
Distribution of linked "o";"19731215";1
Distribution of linked "o";"07060101";1
Distribution of linked "o";"07440417";1
Distribution of linked "o";"Q1147380";1
Distribution of linked "o";"19860313";1
Distribution of linked "o";"19861111";1
Distribution of linked "o";"Q596985";1
Distribution of linked "o";"19850712";1
Distribution of linked "o";"07010101";1
Distribution of linked "o";"07440925";1
Distribution of linked "o";"19731212";1
Distribution of linked "o";"19411202";1
Distribution of linked "o";"17940730";1
Distribution of linked "o";"17940729";1
Distribution of linked "o";"18700201";1
Distribution of linked "o";"18860215";1
Distribution of linked "o";"19370713";1
Distribution of linked "o";"19850512";1
Distribution of linked "o";"19380828";1
Distribution of linked "o";"19550110";1
Distribution of linked "o";"19811010";1
Distribution of linked "o";"Q272092";1
Distribution of linked "o";"18860526";1
Distribution of linked "o";"19501023";1
Distribution of linked "o";"00840101";1
Distribution of linked "o";"19901225";1
Distribution of linked "o";"18700703";1
Distribution of linked "o";"19770606";1
Distribution of linked "o";"18231227";1
Distribution of linked "o";"19171210";1
Distribution of linked "o";"19861110";1
Distribution of linked "o";"19890814";1
Distribution of linked "o";"19770122";1
Distribution of linked "o";"18880511";1
Distribution of linked "o";"19890922";1
Distribution of linked "o";"17941106";1
Distribution of linked "o";"18640522";1
Distribution of linked "o";"18101108";1
Distribution of linked "o";"18610205";1
Distribution of linked "o";"18610211";1
Distribution of linked "o";"19681214";1
Distribution of linked "o";"19880125";1
Distribution of linked "o";"Q576986";1
Distribution of linked "o";"17770000";1
Distribution of linked "o";"Q2272497";1
Distribution of linked "o";"20141015";1
Distribution of linked "o";"19920218";1
Distribution of linked "o";"18370719";1
Distribution of linked "o";"19910415";1
Distribution of linked "o";"19070226";1
Distribution of linked "o";"19360212";1
Distribution of linked "o";"19900411";1
Distribution of linked "o";"18841124";1
Distribution of linked "o";"19841003";1
Distribution of linked "o";"19610902";1
Distribution of linked "o";"19550317";1
Distribution of linked "o";"19820507";1
Distribution of linked "o";"19160709";1
Distribution of linked "o";"20050717";1
Distribution of linked "o";"19920410";1
Distribution of linked "o";"17090124";1
Distribution of linked "o";"19910801";1
Distribution of linked "o";"19060122";1
Distribution of linked "o";"19830222";1
Distribution of linked "o";"19820318";1
Distribution of linked "o";"Q6463299";1
Distribution of linked "o";"19840529";1
Distribution of linked "o";"19840328";1
Distribution of linked "o";"19930514";1
Distribution of linked "o";"19871020";1
Distribution of linked "o";"19850921";1
Distribution of linked "o";"19930402";1
Distribution of linked "o";"19910115";1
Distribution of linked "o";"19930209";1
Distribution of linked "o";"19911018";1
Distribution of linked "o";"19900602";1
Distribution of linked "o";"19040412";1
Distribution of linked "o";"19910129";1
Distribution of linked "o";"Q723644";1
Distribution of linked "o";"19890521";1
Distribution of linked "o";"19511228";1
Distribution of linked "o";"19921005";1
Distribution of linked "o";"19850604";1
Distribution of linked "o";"Q3550248";1
Distribution of linked "o";"19730719";1
Distribution of linked "o";"-05190101";1
Distribution of linked "o";"-04750000";1
Distribution of linked "o";"Q1051013";1
Distribution of linked "o";"19911003";1
Distribution of linked "o";"19950214";1
Distribution of linked "o";"19161201";1
Distribution of linked "o";"19171201";1
Distribution of linked "o";"20110315";1
Distribution of linked "o";"Q6228783";1
Distribution of linked "o";"19200917";1
Distribution of linked "o";"18970426";1
Distribution of linked "o";"19840515";1
Distribution of linked "o";"18870619";1
Distribution of linked "o";"19710915";1
Distribution of linked "o";"19660520";1
Distribution of linked "o";"19620831";1
Distribution of linked "o";"19901025";1
Distribution of linked "o";"19030113";1
Distribution of linked "o";"19401012";1
Distribution of linked "o";"18010605";1
Distribution of linked "o";"18821024";1
Distribution of linked "o";"19600105";1
Distribution of linked "o";"19770620";1
Distribution of linked "o";"19200731";1
Distribution of linked "o";"20110627";1
Distribution of linked "o";"19290604";1
Distribution of linked "o";"20020401";1
Distribution of linked "o";"17490423";1
Distribution of linked "o";"18150508";1
Distribution of linked "o";"18881103";1
Distribution of linked "o";"17850519";1
Distribution of linked "o";"18620321";1
Distribution of linked "o";"19651011";1
Distribution of linked "o";"19750721";1
Distribution of linked "o";"19610914";1
Distribution of linked "o";"19341007";1
Distribution of linked "o";"19970802";1
Distribution of linked "o";"19050703";1
Distribution of linked "o";"Q1536956";1
Distribution of linked "o";"19860102";1
Distribution of linked "o";"20120905";1
Distribution of linked "o";"19121209";1
Distribution of linked "o";"19880812";1
Distribution of linked "o";"19700428";1
Distribution of linked "o";"02000000";1
Distribution of linked "o";"00010000";1
Distribution of linked "o";"19871029";1
Distribution of linked "o";"19870320";1
Distribution of linked "o";"19581230";1
Distribution of linked "o";"Q9408";1
Distribution of linked "o";"19740525";1
Distribution of linked "o";"16570516";1
Distribution of linked "o";"15911130";1
Distribution of linked "o";"19550913";1
Distribution of linked "o";"19960716";1
Distribution of linked "o";"18400123";1
Distribution of linked "o";"18881106";1
Distribution of linked "o";"18061012";1
Distribution of linked "o";"18790920";1
Distribution of linked "o";"18860210";1
Distribution of linked "o";"19600730";1
Distribution of linked "o";"Q5726931";1
Distribution of linked "o";"19030510";1
Distribution of linked "o";"19940810";1
Distribution of linked "o";"18120731";1
Distribution of linked "o";"18730126";1
Distribution of linked "o";"14940912";1
Distribution of linked "o";"15470331";1
Distribution of linked "o";"19220805";1
Distribution of linked "o";"19370804";1
Distribution of linked "o";"18710524";1
Distribution of linked "o";"19071027";1
Distribution of linked "o";"19960417";1
Distribution of linked "o";"19050514";1
Distribution of linked "o";"16490723";1
Distribution of linked "o";"16490722";1
Distribution of linked "o";"17210319";1
Distribution of linked "o";"19220831";1
Distribution of linked "o";"19790408";1
Distribution of linked "o";"Q159778";1
Distribution of linked "o";"16070101";1
Distribution of linked "o";"16810605";1
Distribution of linked "o";"19730302";1
Distribution of linked "o";"09440101";1
Distribution of linked "o";"20060829";1
Distribution of linked "o";"19521223";1
Distribution of linked "o";"Q700455";1
Distribution of linked "o";"18540804";1
Distribution of linked "o";"19201017";1
Distribution of linked "o";"20060102";1
Distribution of linked "o";"18400627";1
Distribution of linked "o";"19840814";1
Distribution of linked "o";"18360709";1
Distribution of linked "o";"19131230";1
Distribution of linked "o";"19581014";1
Distribution of linked "o";"19760607";1
Distribution of linked "o";"Q234847";1
Distribution of linked "o";"19781208";1
Distribution of linked "o";"16450000";1
Distribution of linked "o";"19200000";1
Distribution of linked "o";"19401121";1
Distribution of linked "o";"Q2855499";1
Distribution of linked "o";"18800325";1
Distribution of linked "o";"09280000";1
Distribution of linked "o";"09230101";1
Distribution of linked "o";"19470420";1
Distribution of linked "o";"16620430";1
Distribution of linked "o";"16620510";1
Distribution of linked "o";"16941228";1
Distribution of linked "o";"19790110";1
Distribution of linked "o";"Q18206431";1
Distribution of linked "o";"19410121";1
Distribution of linked "o";"18030509";1
Distribution of linked "o";"18890901";1
Distribution of linked "o";"19130816";1
Distribution of linked "o";"19920309";1
Distribution of linked "o";"19160427";1
Distribution of linked "o";"20010630";1
Distribution of linked "o";"07000000";1
Distribution of linked "o";"15350101";1
Distribution of linked "o";"19470713";1
Distribution of linked "o";"18740912";1
Distribution of linked "o";"19510320";1
Distribution of linked "o";"18740405";1
Distribution of linked "o";"17900625";1
Distribution of linked "o";"20080917";1
Distribution of linked "o";"03050101";1
Distribution of linked "o";"03841212";1
Distribution of linked "o";"15530419";1
Distribution of linked "o";"15530409";1
Distribution of linked "o";"18170712";1
Distribution of linked "o";"18620506";1
Distribution of linked "o";"02681226";1
Distribution of linked "o";"-02060101";1
Distribution of linked "o";"19860513";1
Distribution of linked "o";"19790404";1
Distribution of linked "o";"Q2364249";1
Distribution of linked "o";"15680405";1
Distribution of linked "o";"16440729";1
Distribution of linked "o";"19531114";1
Distribution of linked "o";"19720403";1
Distribution of linked "o";"-05700101";1
Distribution of linked "o";"-04750101";1
Distribution of linked "o";"18371123";1
Distribution of linked "o";"19410109";1
Distribution of linked "o";"17781217";1
Distribution of linked "o";"18290529";1
Distribution of linked "o";"Q20740273";1
Distribution of linked "o";"19690112";1
Distribution of linked "o";"14240305";1
Distribution of linked "o";"19850627";1
Distribution of linked "o";"19590427";1
Distribution of linked "o";"19841110";1
Distribution of linked "o";"16831030";1
Distribution of linked "o";"16831110";1
Distribution of linked "o";"17601025";1
Distribution of linked "o";"18670517";1
Distribution of linked "o";"19620620";1
Distribution of linked "o";"19360329";1
Distribution of linked "o";"19770803";1
Distribution of linked "o";"Q1243720";1
Distribution of linked "o";"19761017";1
Distribution of linked "o";"08000101";1
Distribution of linked "o";"19460627";1
Distribution of linked "o";"Q2914929";1
Distribution of linked "o";"19790310";1
Distribution of linked "o";"19750909";1
Distribution of linked "o";"02360103";1
Distribution of linked "o";"Q683095";1
Distribution of linked "o";"18991128";1
Distribution of linked "o";"19810929";1
Distribution of linked "o";"Q3518507";1
Distribution of linked "o";"19861115";1
Distribution of linked "o";"17760606";1
Distribution of linked "o";"18370218";1
Distribution of linked "o";"19690920";1
Distribution of linked "o";"17590625";1
Distribution of linked "o";"18501222";1
Distribution of linked "o";"19210114";1
Distribution of linked "o";"18451023";1
Distribution of linked "o";"19620430";1
Distribution of linked "o";"10870925";1
Distribution of linked "o";"19581021";1
Distribution of linked "o";"Q449536";1
Distribution of linked "o";"19040424";1
Distribution of linked "o";"19970319";1
Distribution of linked "o";"Q737727";1
Distribution of linked "o";"18140830";1
Distribution of linked "o";"18820503";1
Distribution of linked "o";"19740301";1
Distribution of linked "o";"19720607";1
Distribution of linked "o";"19030123";1
Distribution of linked "o";"19480410";1
Distribution of linked "o";"19810217";1
Distribution of linked "o";"18390321";1
Distribution of linked "o";"18810328";1
Distribution of linked "o";"15520917";1
Distribution of linked "o";"16210128";1
Distribution of linked "o";"18070128";1
Distribution of linked "o";"18870320";1
Distribution of linked "o";"18880916";1
Distribution of linked "o";"19640603";1
Distribution of linked "o";"02540305";1
Distribution of linked "o";"11590901";1
Distribution of linked "o";"Q443063";1
Distribution of linked "o";"19390420";1
Distribution of linked "o";"13701227";1
Distribution of linked "o";"13100101";1
Distribution of linked "o";"Q363684";1
Distribution of linked "o";"19461004";1
Distribution of linked "o";"19630211";1
Distribution of linked "o";"15970620";1
Distribution of linked "o";"16520407";1
Distribution of linked "o";"16520416";1
Distribution of linked "o";"17400206";1
Distribution of linked "o";"17400208";1
Distribution of linked "o";"Q1806985";1
Distribution of linked "o";"19481203";1
Distribution of linked "o";"13590101";1
Distribution of linked "o";"12880101";1
Distribution of linked "o";"19420617";1
Distribution of linked "o";"19681124";1
Distribution of linked "o";"Q38781";1
Distribution of linked "o";"19751108";1
Distribution of linked "o";"19931219";1
Distribution of linked "o";"19730226";1
Distribution of linked "o";"19761113";1
Distribution of linked "o";"19650315";1
Distribution of linked "o";"20081018";1
Distribution of linked "o";"19791113";1
Distribution of linked "o";"19900917";1
Distribution of linked "o";"17830927";1
Distribution of linked "o";"18240719";1
Distribution of linked "o";"Q5101527";1
Distribution of linked "o";"19740209";1
Distribution of linked "o";"18041119";1
Distribution of linked "o";"05720225";1
Distribution of linked "o";"19860423";1
Distribution of linked "o";"14571219";1
Distribution of linked "o";"14930000";1
Distribution of linked "o";"19950407";1
Distribution of linked "o";"19690527";1
Distribution of linked "o";"19491225";1
Distribution of linked "o";"Q4547";1
Distribution of linked "o";"19700307";1
Distribution of linked "o";"18820219";1
Distribution of linked "o";"19400201";1
Distribution of linked "o";"18951117";1
Distribution of linked "o";"19450201";1
Distribution of linked "o";"19590814";1
Distribution of linked "o";"11800918";1
Distribution of linked "o";"Q3037194";1
Distribution of linked "o";"19271014";1
Distribution of linked "o";"19520508";1
Distribution of linked "o";"19250114";1
Distribution of linked "o";"19701125";1
Distribution of linked "o";"19580524";1
Distribution of linked "o";"Q7926996";1
Distribution of linked "o";"19320222";1
Distribution of linked "o";"20090825";1
Distribution of linked "o";"18640720";1
Distribution of linked "o";"19310408";1
Distribution of linked "o";"13031011";1
Distribution of linked "o";"12350101";1
Distribution of linked "o";"02741230";1
Distribution of linked "o";"04170313";1
Distribution of linked "o";"18300710";1
Distribution of linked "o";"19031113";1
Distribution of linked "o";"18420921";1
Distribution of linked "o";"19180210";1
Distribution of linked "o";"19160526";1
Distribution of linked "o";"19990908";1
Distribution of linked "o";"18740125";1
Distribution of linked "o";"19651216";1
Distribution of linked "o";"18850123";1
Distribution of linked "o";"19701007";1
Distribution of linked "o";"19171005";1
Distribution of linked "o";"19840405";1
Distribution of linked "o";"17420115";1
Distribution of linked "o";"Q370206";1
Distribution of linked "o";"19940704";1
Distribution of linked "o";"19190422";1
Distribution of linked "o";"20010617";1
Distribution of linked "o";"16700508";1
Distribution of linked "o";"17260510";1
Distribution of linked "o";"19690622";1
Distribution of linked "o";"19280712";1
Distribution of linked "o";"19550601";1
Distribution of linked "o";"19530616";1
Distribution of linked "o";"19450626";1
Distribution of linked "o";"18700606";1
Distribution of linked "o";"17970109";1
Distribution of linked "o";"17360311";1
Distribution of linked "o";"18910603";1
Distribution of linked "o";"19670124";1
Distribution of linked "o";"19861005";1
Distribution of linked "o";"18810117";1
Distribution of linked "o";"19551024";1
Distribution of linked "o";"17890510";1
Distribution of linked "o";"Q13726644";1
Distribution of linked "o";"19861217";1
Distribution of linked "o";"18301001";1
Distribution of linked "o";"19041112";1
Distribution of linked "o";"19920831";1
Distribution of linked "o";"Q4079260";1
Distribution of linked "o";"19900528";1
Distribution of linked "o";"19580526";1
Distribution of linked "o";"18470319";1
Distribution of linked "o";"19120526";1
Distribution of linked "o";"19510605";1
Distribution of linked "o";"-11570101";1
Distribution of linked "o";"19491215";1
Distribution of linked "o";"20120505";1
Distribution of linked "o";"19680602";1
Distribution of linked "o";"Q8643";1
Distribution of linked "o";"19920920";1
Distribution of linked "o";"19190317";1
Distribution of linked "o";"19540223";1
Distribution of linked "o";"19710105";1
Distribution of linked "o";"18300919";1
Distribution of linked "o";"19870324";1
Distribution of linked "o";"19510831";1
Distribution of linked "o";"19730125";1
Distribution of linked "o";"19770426";1
Distribution of linked "o";"19010609";1
Distribution of linked "o";"19730613";1
Distribution of linked "o";"19560929";1
Distribution of linked "o";"17870614";1
Distribution of linked "o";"18480827";1
Distribution of linked "o";"19271229";1
Distribution of linked "o";"17940321";1
Distribution of linked "o";"18380313";1
Distribution of linked "o";"19290601";1
Distribution of linked "o";"19930905";1
Distribution of linked "o";"12780316";1
Distribution of linked "o";"19810906";1
Distribution of linked "o";"18571030";1
Distribution of linked "o";"19480614";1
Distribution of linked "o";"19610108";1
Distribution of linked "o";"19901127";1
Distribution of linked "o";"Q208585";1
Distribution of linked "o";"19870525";1
Distribution of linked "o";"19250514";1
Distribution of linked "o";"19910927";1
Distribution of linked "o";"15120410";1
Distribution of linked "o";"15421214";1
Distribution of linked "o";"18810526";1
Distribution of linked "o";"14730317";1
Distribution of linked "o";"15130909";1
Distribution of linked "o";"17810306";1
Distribution of linked "o";"19520202";1
Distribution of linked "o";"Q443575";1
Distribution of linked "o";"19280713";1
Distribution of linked "o";"19780629";1
Distribution of linked "o";"Q2735080";1
Distribution of linked "o";"19890902";1
Distribution of linked "o";"Q1398111";1
Distribution of linked "o";"19900516";1
Distribution of linked "o";"19710427";1
Distribution of linked "o";"19561222";1
Distribution of linked "o";"15531102";1
Distribution of linked "o";"16330830";1
Distribution of linked "o";"18080113";1
Distribution of linked "o";"18880808";1
Distribution of linked "o";"19530903";1
Distribution of linked "o";"18440218";1
Distribution of linked "o";"19150928";1
Distribution of linked "o";"15560121";1
Distribution of linked "o";"19150716";1
Distribution of linked "o";"11610203";1
Distribution of linked "o";"19050912";1
Distribution of linked "o";"19890828";1
Distribution of linked "o";"19491123";1
Distribution of linked "o";"19640814";1
Distribution of linked "o";"19950623";1
Distribution of linked "o";"18041205";1
Distribution of linked "o";"18950315";1
Distribution of linked "o";"Q1956025";1
Distribution of linked "o";"19791005";1
Distribution of linked "o";"19790829";1
Distribution of linked "o";"19320000";1
Distribution of linked "o";"19990429";1
Distribution of linked "o";"19950313";1
Distribution of linked "o";"19920724";1
Distribution of linked "o";"-04030101";1
Distribution of linked "o";"19380807";1
Distribution of linked "o";"19030203";1
Distribution of linked "o";"19820222";1
Distribution of linked "o";"19701108";1
Distribution of linked "o";"19911129";1
Distribution of linked "o";"19340908";1
Distribution of linked "o";"20160314";1
Distribution of linked "o";"19651004";1
Distribution of linked "o";"19200613";1
Distribution of linked "o";"19950914";1
Distribution of linked "o";"18810815";1
Distribution of linked "o";"19050216";1
Distribution of linked "o";"19880526";1
Distribution of linked "o";"19171102";1
Distribution of linked "o";"20110125";1
Distribution of linked "o";"19680512";1
Distribution of linked "o";"19070224";1
Distribution of linked "o";"15860309";1
Distribution of linked "o";"15440111";1
Distribution of linked "o";"15601101";1
Distribution of linked "o";"16170508";1
Distribution of linked "o";"16390330";1
Distribution of linked "o";"16080405";1
Distribution of linked "o";"16670708";1
Distribution of linked "o";"17511029";1
Distribution of linked "o";"18280626";1
Distribution of linked "o";"19651207";1
Distribution of linked "o";"18180114";1
Distribution of linked "o";"18980312";1
Distribution of linked "o";"20090317";1
Distribution of linked "o";"19291006";1
Distribution of linked "o";"20100807";1
Distribution of linked "o";"16211203";1
Distribution of linked "o";"19860704";1
Distribution of linked "o";"19210000";1
Distribution of linked "o";"19140221";1
Distribution of linked "o";"19651003";1
Distribution of linked "o";"20030723";1
Distribution of linked "o";"19941005";1
Distribution of linked "o";"19811009";1
Distribution of linked "o";"01160101";1
Distribution of linked "o";"19930509";1
Distribution of linked "o";"15540101";1
Distribution of linked "o";"18451212";1
Distribution of linked "o";"18920510";1
Distribution of linked "o";"19921028";1
Distribution of linked "o";"19610127";1
Distribution of linked "o";"19900314";1
Distribution of linked "o";"19700112";1
Distribution of linked "o";"19640228";1
Distribution of linked "o";"17690218";1
Distribution of linked "o";"18630803";1
Distribution of linked "o";"18221130";1
Distribution of linked "o";"16370306";1
Distribution of linked "o";"15490705";1
Distribution of linked "o";"16270827";1
Distribution of linked "o";"16260827";1
Distribution of linked "o";"16850715";1
Distribution of linked "o";"16490409";1
Distribution of linked "o";"19660119";1
Distribution of linked "o";"19920108";1
Distribution of linked "o";"Q210025";1
Distribution of linked "o";"19470829";1
Distribution of linked "o";"19930615";1
Distribution of linked "o";"12160101";1
Distribution of linked "o";"20120305";1
Distribution of linked "o";"19450228";1
Distribution of linked "o";"19480707";1
Distribution of linked "o";"19640724";1
Distribution of linked "o";"17531203";1
Distribution of linked "o";"18270626";1
Distribution of linked "o";"11910101";1
Distribution of linked "o";"18890326";1
Distribution of linked "o";"11570101";1
Distribution of linked "o";"11180101";1
Distribution of linked "o";"11010101";1
Distribution of linked "o";"19800213";1
Distribution of linked "o";"19110108";1
Distribution of linked "o";"20060831";1
Distribution of linked "o";"19670512";1
Distribution of linked "o";"16760301";1
Distribution of linked "o";"17430416";1
Distribution of linked "o";"19131023";1
Distribution of linked "o";"19891127";1
Distribution of linked "o";"19550318";1
Distribution of linked "o";"18940816";1
Distribution of linked "o";"19800110";1
Distribution of linked "o";"15780104";1
Distribution of linked "o";"14960101";1
Distribution of linked "o";"15200629";1
Distribution of linked "o";"18990329";1
Distribution of linked "o";"12650101";1
Distribution of linked "o";"13450501";1
Distribution of linked "o";"17660102";1
Distribution of linked "o";"18450113";1
Distribution of linked "o";"19780317";1
Distribution of linked "o";"Q925902";1
Distribution of linked "o";"20110527";1
Distribution of linked "o";"19231214";1
Distribution of linked "o";"15270521";1
Distribution of linked "o";"19020115";1
Distribution of linked "o";"19920301";1
Distribution of linked "o";"20090908";1
Distribution of linked "o";"19170217";1
Distribution of linked "o";"19650418";1
Distribution of linked "o";"19501125";1
Distribution of linked "o";"17730114";1
Distribution of linked "o";"18570313";1
Distribution of linked "o";"18541116";1
Distribution of linked "o";"19261022";1
Distribution of linked "o";"02100101";1
Distribution of linked "o";"02630101";1
Distribution of linked "o";"19360108";1
Distribution of linked "o";"16551225";1
Distribution of linked "o";"19230418";1
Distribution of linked "o";"20000119";1
Distribution of linked "o";"19620425";1
Distribution of linked "o";"19300205";1
Distribution of linked "o";"11130416";1
Distribution of linked "o";"19521118";1
Distribution of linked "o";"19720228";1
Distribution of linked "o";"17350209";1
Distribution of linked "o";"18070112";1
Distribution of linked "o";"19280521";1
Distribution of linked "o";"19151008";1
Distribution of linked "o";"19591104";1
Distribution of linked "o";"17000620";1
Distribution of linked "o";"17430303";1
Distribution of linked "o";"Q531108";1
Distribution of linked "o";"19580402";1
Distribution of linked "o";"20140624";1
Distribution of linked "o";"19470000";1
Distribution of linked "o";"16050211";1
Distribution of linked "o";"17310101";1
Distribution of linked "o";"19810726";1
Distribution of linked "o";"Q3277049";1
Distribution of linked "o";"19240716";1
Distribution of linked "o";"Q459218";1
Distribution of linked "o";"19780328";1
Distribution of linked "o";"18900502";1
Distribution of linked "o";"19650831";1
Distribution of linked "o";"19560709";1
Distribution of linked "o";"07400101";1
Distribution of linked "o";"06950101";1
Distribution of linked "o";"19200826";1
Distribution of linked "o";"19260114";1
Distribution of linked "o";"20160728";1
Distribution of linked "o";"05950101";1
Distribution of linked "o";"06260101";1
Distribution of linked "o";"19160103";1
Distribution of linked "o";"19421128";1
Distribution of linked "o";"18860206";1
Distribution of linked "o";"19591207";1
Distribution of linked "o";"19591107";1
Distribution of linked "o";"19650115";1
Distribution of linked "o";"19480303";1
Distribution of linked "o";"16930921";1
Distribution of linked "o";"17290415";1
Distribution of linked "o";"19180705";1
Distribution of linked "o";"20120515";1
Distribution of linked "o";"19480515";1
Distribution of linked "o";"19721005";1
Distribution of linked "o";"19000601";1
Distribution of linked "o";"19680702";1
Distribution of linked "o";"19140302";1
Distribution of linked "o";"19830626";1
Distribution of linked "o";"19570315";1
Distribution of linked "o";"Q2599024";1
Distribution of linked "o";"19811224";1
Distribution of linked "o";"Q704548";1
Distribution of linked "o";"19870927";1
Distribution of linked "o";"19670114";1
Distribution of linked "o";"15151024";1
Distribution of linked "o";"15690128";1
Distribution of linked "o";"18680522";1
Distribution of linked "o";"19340529";1
Distribution of linked "o";"19680619";1
Distribution of linked "o";"20090129";1
Distribution of linked "o";"19241030";1
Distribution of linked "o";"18890126";1
Distribution of linked "o";"19300807";1
Distribution of linked "o";"19230415";1
Distribution of linked "o";"16280202";1
Distribution of linked "o";"17060629";1
Distribution of linked "o";"Q94002";1
Distribution of linked "o";"19690608";1
Distribution of linked "o";"19510322";1
Distribution of linked "o";"19830321";1
Distribution of linked "o";"19730619";1
Distribution of linked "o";"19821228";1
Distribution of linked "o";"19800721";1
Distribution of linked "o";"14181212";1
Distribution of linked "o";"14631202";1
Distribution of linked "o";"01730101";1
Distribution of linked "o";"02050101";1
Distribution of linked "o";"19511212";1
Distribution of linked "o";"18840128";1
Distribution of linked "o";"18731208";1
Distribution of linked "o";"08350101";1
Distribution of linked "o";"08760101";1
Distribution of linked "o";"19890917";1
Distribution of linked "o";"19770522";1
Distribution of linked "o";"17861204";1
Distribution of linked "o";"18491204";1
Distribution of linked "o";"19810223";1
Distribution of linked "o";"18910825";1
Distribution of linked "o";"19731027";1
Distribution of linked "o";"19880913";1
Distribution of linked "o";"19690830";1
Distribution of linked "o";"18880131";1
Distribution of linked "o";"20121124";1
Distribution of linked "o";"19260413";1
Distribution of linked "o";"18600724";1
Distribution of linked "o";"19841001";1
Distribution of linked "o";"18720131";1
Distribution of linked "o";"19391023";1
Distribution of linked "o";"14610525";1
Distribution of linked "o";"15190727";1
Distribution of linked "o";"19441204";1
Distribution of linked "o";"19740511";1
Distribution of linked "o";"20130409";1
Distribution of linked "o";"Q1051147";1
Distribution of linked "o";"19820829";1
Distribution of linked "o";"19650621";1
Distribution of linked "o";"18011227";1
Distribution of linked "o";"18621024";1
Distribution of linked "o";"18960218";1
Distribution of linked "o";"19181223";1
Distribution of linked "o";"20021010";1
Distribution of linked "o";"19710712";1
Distribution of linked "o";"Q5460622";1
Distribution of linked "o";"19500319";1
Distribution of linked "o";"19770613";1
Distribution of linked "o";"18950614";1
Distribution of linked "o";"18141004";1
Distribution of linked "o";"18760429";1
Distribution of linked "o";"19300402";1
Distribution of linked "o";"Q1631794";1
Distribution of linked "o";"19180204";1
Distribution of linked "o";"19950803";1
Distribution of linked "o";"18810121";1
Distribution of linked "o";"14541125";1
Distribution of linked "o";"15100710";1
Distribution of linked "o";"18910903";1
Distribution of linked "o";"19520715";1
Distribution of linked "o";"15920514";1
Distribution of linked "o";"19380819";1
Distribution of linked "o";"19730221";1
Distribution of linked "o";"19920709";1
Distribution of linked "o";"19870207";1
Distribution of linked "o";"19580714";1
Distribution of linked "o";"06400101";1
Distribution of linked "o";"07100000";1
Distribution of linked "o";"Q6396107";1
Distribution of linked "o";"19520910";1
Distribution of linked "o";"19380507";1
Distribution of linked "o";"19790514";1
Distribution of linked "o";"19741114";1
Distribution of linked "o";"18740226";1
Distribution of linked "o";"19500609";1
Distribution of linked "o";"Q2883992";1
Distribution of linked "o";"19010225";1
Distribution of linked "o";"19791130";1
Distribution of linked "o";"19810429";1
Distribution of linked "o";"18971108";1
Distribution of linked "o";"19801129";1
Distribution of linked "o";"18750516";1
Distribution of linked "o";"19510909";1
Distribution of linked "o";"19661017";1
Distribution of linked "o";"Q11989309";1
Distribution of linked "o";"19550109";1
Distribution of linked "o";"19691126";1
Distribution of linked "o";"Q24063738";1
Distribution of linked "o";"19370705";1
Distribution of linked "o";"15520718";1
Distribution of linked "o";"16120120";1
Distribution of linked "o";"15640725";1
Distribution of linked "o";"15030310";1
Distribution of linked "o";"09360702";1
Distribution of linked "o";"08760000";1
Distribution of linked "o";"18880309";1
Distribution of linked "o";"17970322";1
Distribution of linked "o";"19221204";1
Distribution of linked "o";"19591125";1
Distribution of linked "o";"19430128";1
Distribution of linked "o";"Q19610033";1
Distribution of linked "o";"15990322";1
Distribution of linked "o";"16411209";1
Distribution of linked "o";"Q157073";1
Distribution of linked "o";"14590322";1
Distribution of linked "o";"15190112";1
Distribution of linked "o";"08550929";1
Distribution of linked "o";"19131122";1
Distribution of linked "o";"19761204";1
Distribution of linked "o";"19341018";1
Distribution of linked "o";"18610616";1
Distribution of linked "o";"18540613";1
Distribution of linked "o";"19310211";1
Distribution of linked "o";"16710427";1
Distribution of linked "o";"17430411";1
Distribution of linked "o";"Q3267754";1
Distribution of linked "o";"19011122";1
Distribution of linked "o";"19990706";1
Distribution of linked "o";"19890905";1
Distribution of linked "o";"14331110";1
Distribution of linked "o";"14770105";1
Distribution of linked "o";"Q152272";1
Distribution of linked "o";"18870323";1
Distribution of linked "o";"18670914";1
Distribution of linked "o";"Q312011";1
Distribution of linked "o";"18411217";1
Distribution of linked "o";"19040512";1
Distribution of linked "o";"19541225";1
Distribution of linked "o";"Q52942";1
Distribution of linked "o";"19890313";1
Distribution of linked "o";"19371201";1
Distribution of linked "o";"18911110";1
Distribution of linked "o";"19920404";1
Distribution of linked "o";"Q21157946";1
Distribution of linked "o";"18870718";1
Distribution of linked "o";"16410101";1
Distribution of linked "o";"17201025";1
Distribution of linked "o";"17250916";1
Distribution of linked "o";"19641015";1
Distribution of linked "o";"12180519";1
Distribution of linked "o";"Q930601";1
Distribution of linked "o";"Q5425032";1
Distribution of linked "o";"19840729";1
Distribution of linked "o";"19260722";1
Distribution of linked "o";"18040720";1
Distribution of linked "o";"19870327";1
Distribution of linked "o";"19810323";1
Distribution of linked "o";"19680912";1
Distribution of linked "o";"19891227";1
Distribution of linked "o";"19930512";1
Distribution of linked "o";"19141201";1
Distribution of linked "o";"19840323";1
Distribution of linked "o";"16910227";1
Distribution of linked "o";"17540110";1
Distribution of linked "o";"-29600101";1
Distribution of linked "o";"-29250101";1
Distribution of linked "o";"-29950101";1
Distribution of linked "o";"-30500101";1
Distribution of linked "o";"-29000101";1
Distribution of linked "o";"19281215";1
Distribution of linked "o";"20000219";1
Distribution of linked "o";"Q29108";1
Distribution of linked "o";"20141202";1
Distribution of linked "o";"Q471576";1
Distribution of linked "o";"18441113";1
Distribution of linked "o";"19250217";1
Distribution of linked "o";"19100215";1
Distribution of linked "o";"Q1319934";1
Distribution of linked "o";"19510112";1
Distribution of linked "o";"19251110";1
Distribution of linked "o";"18750420";1
Distribution of linked "o";"18820615";1
Distribution of linked "o";"18820614";1
Distribution of linked "o";"18901122";1
Distribution of linked "o";"19411230";1
Distribution of linked "o";"10390604";1
Distribution of linked "o";"09900101";1
Distribution of linked "o";"Q151126";1
Distribution of linked "o";"18611208";1
Distribution of linked "o";"19380121";1
Distribution of linked "o";"Q368500";1
Distribution of linked "o";"19690425";1
Distribution of linked "o";"19461103";1
Distribution of linked "o";"12850101";1
Distribution of linked "o";"13540121";1
Distribution of linked "o";"19330616";1
Distribution of linked "o";"Q152437";1
Distribution of linked "o";"18981206";1
Distribution of linked "o";"19870517";1
Distribution of linked "o";"19821205";1
Distribution of linked "o";"19731117";1
Distribution of linked "o";"16780726";1
Distribution of linked "o";"17110417";1
Distribution of linked "o";"19630626";1
Distribution of linked "o";"19720704";1
Distribution of linked "o";"19121103";1
Distribution of linked "o";"20060816";1
Distribution of linked "o";"19860331";1
Distribution of linked "o";"19200403";1
Distribution of linked "o";"20120317";1
Distribution of linked "o";"19400528";1
Distribution of linked "o";"20120730";1
Distribution of linked "o";"19500518";1
Distribution of linked "o";"Q11886518";1
Distribution of linked "o";"Q16836415";1
Distribution of linked "o";"19901004";1
Distribution of linked "o";"19670202";1
Distribution of linked "o";"15910221";1
Distribution of linked "o";"15910302";1
Distribution of linked "o";"16611009";1
Distribution of linked "o";"18741005";1
Distribution of linked "o";"19610911";1
Distribution of linked "o";"17400913";1
Distribution of linked "o";"18090813";1
Distribution of linked "o";"Q2837699";1
Distribution of linked "o";"18910207";1
Distribution of linked "o";"19840521";1
Distribution of linked "o";"19800129";1
Distribution of linked "o";"18821216";1
Distribution of linked "o";"19670306";1
Distribution of linked "o";"15420725";1
Distribution of linked "o";"14790624";1
Distribution of linked "o";"18210602";1
Distribution of linked "o";"19900730";1
Distribution of linked "o";"19720120";1
Distribution of linked "o";"Q4612";1
Distribution of linked "o";"18970202";1
Distribution of linked "o";"19760624";1
Distribution of linked "o";"19821130";1
Distribution of linked "o";"19110319";1
Distribution of linked "o";"18020409";1
Distribution of linked "o";"18840319";1
Distribution of linked "o";"19450318";1
Distribution of linked "o";"18920906";1
Distribution of linked "o";"19650421";1
Distribution of linked "o";"19310531";1
Distribution of linked "o";"04740101";1
Distribution of linked "o";"19380307";1
Distribution of linked "o";"18390211";1
Distribution of linked "o";"19030428";1
Distribution of linked "o";"19830520";1
Distribution of linked "o";"19850603";1
Distribution of linked "o";"19230720";1
Distribution of linked "o";"20100219";1
Distribution of linked "o";"20140225";1
Distribution of linked "o";"19471221";1
Distribution of linked "o";"16400600";1
Distribution of linked "o";"18941109";1
Distribution of linked "o";"19680213";1
Distribution of linked "o";"Q7028565";1
Distribution of linked "o";"19510529";1
Distribution of linked "o";"18930526";1
Distribution of linked "o";"19640822";1
Distribution of linked "o";"19390227";1
Distribution of linked "o";"19880122";1
Distribution of linked "o";"18380711";1
Distribution of linked "o";"07340713";1
Distribution of linked "o";"16440812";1
Distribution of linked "o";"17040503";1
Distribution of linked "o";"19641207";1
Distribution of linked "o";"19000516";1
Distribution of linked "o";"17580419";1
Distribution of linked "o";"18310528";1
Distribution of linked "o";"Q15840154";1
Distribution of linked "o";"Q16193899";1
Distribution of linked "o";"19820103";1
Distribution of linked "o";"15770412";1
Distribution of linked "o";"16480228";1
Distribution of linked "o";"19930718";1
Distribution of linked "o";"19250520";1
Distribution of linked "o";"20010512";1
Distribution of linked "o";"18920601";1
Distribution of linked "o";"18201028";1
Distribution of linked "o";"18820806";1
Distribution of linked "o";"16370000";1
Distribution of linked "o";"17070509";1
Distribution of linked "o";"19861015";1
Distribution of linked "o";"15851018";1
Distribution of linked "o";"15851014";1
Distribution of linked "o";"16721106";1
Distribution of linked "o";"18650811";1
Distribution of linked "o";"19280828";1
Distribution of linked "o";"20060915";1
Distribution of linked "o";"19730403";1
Distribution of linked "o";"19811125";1
Distribution of linked "o";"19251204";1
Distribution of linked "o";"19061124";1
Distribution of linked "o";"19430723";1
Distribution of linked "o";"19040820";1
Distribution of linked "o";"19430303";1
Distribution of linked "o";"14380212";1
Distribution of linked "o";"14770627";1
Distribution of linked "o";"14770722";1
Distribution of linked "o";"19840306";1
Distribution of linked "o";"14810521";1
Distribution of linked "o";"14260101";1
Distribution of linked "o";"15250527";1
Distribution of linked "o";"19040812";1
Distribution of linked "o";"19571025";1
Distribution of linked "o";"08800101";1
Distribution of linked "o";"09450723";1
Distribution of linked "o";"18510121";1
Distribution of linked "o";"18200302";1
Distribution of linked "o";"18870219";1
Distribution of linked "o";"17750121";1
Distribution of linked "o";"18060205";1
Distribution of linked "o";"18811005";1
Distribution of linked "o";"19840322";1
Distribution of linked "o";"07300000";1
Distribution of linked "o";"08040519";1
Distribution of linked "o";"08040000";1
Distribution of linked "o";"19091028";1
Distribution of linked "o";"19920428";1
Distribution of linked "o";"18710107";1
Distribution of linked "o";"19560203";1
Distribution of linked "o";"17200101";1
Distribution of linked "o";"14810701";1
Distribution of linked "o";"15590125";1
Distribution of linked "o";"Q40026";1
Distribution of linked "o";"19630715";1
Distribution of linked "o";"19061009";1
Distribution of linked "o";"20011220";1
Distribution of linked "o";"19510912";1
Distribution of linked "o";"Q2208688";1
Distribution of linked "o";"19821006";1
Distribution of linked "o";"19940401";1
Distribution of linked "o";"Q121454";1
Distribution of linked "o";"19050326";1
Distribution of linked "o";"Q2590988";1
Distribution of linked "o";"19231015";1
Distribution of linked "o";"19850919";1
Distribution of linked "o";"17810130";1
Distribution of linked "o";"18380821";1
Distribution of linked "o";"15940614";1
Distribution of linked "o";"19161211";1
Distribution of linked "o";"19890914";1
Distribution of linked "o";"17861118";1
Distribution of linked "o";"17861119";1
Distribution of linked "o";"18260605";1
Distribution of linked "o";"19140325";1
Distribution of linked "o";"19630104";1
Distribution of linked "o";"05080101";1
Distribution of linked "o";"05810101";1
Distribution of linked "o";"19890716";1
Distribution of linked "o";"04440101";1
Distribution of linked "o";"04640101";1
Distribution of linked "o";"04290101";1
Distribution of linked "o";"08991208";1
Distribution of linked "o";"15830410";1
Distribution of linked "o";"16450828";1
Distribution of linked "o";"19890901";1
Distribution of linked "o";"19900501";1
Distribution of linked "o";"19300515";1
Distribution of linked "o";"19531204";1
Distribution of linked "o";"19700517";1
Distribution of linked "o";"18590917";1
Distribution of linked "o";"19291221";1
Distribution of linked "o";"18290202";1
Distribution of linked "o";"15830616";1
Distribution of linked "o";"16540828";1
Distribution of linked "o";"Q1588231";1
Distribution of linked "o";"18850514";1
Distribution of linked "o";"19730706";1
Distribution of linked "o";"19730707";1
Distribution of linked "o";"19680325";1
Distribution of linked "o";"19710606";1
Distribution of linked "o";"19141207";1
Distribution of linked "o";"20100827";1
Distribution of linked "o";"18490629";1
Distribution of linked "o";"19150313";1
Distribution of linked "o";"18120518";1
Distribution of linked "o";"17690101";1
Distribution of linked "o";"Q274883";1
Distribution of linked "o";"19500812";1
Distribution of linked "o";"19461205";1
Distribution of linked "o";"19850318";1
Distribution of linked "o";"Q702205";1
Distribution of linked "o";"13420819";1
Distribution of linked "o";"13950426";1
Distribution of linked "o";"19700504";1
Distribution of linked "o";"19271008";1
Distribution of linked "o";"20020324";1
Distribution of linked "o";"16320430";1
Distribution of linked "o";"15590201";1
Distribution of linked "o";"19400727";1
Distribution of linked "o";"20090630";1
Distribution of linked "o";"Q739468";1
Distribution of linked "o";"19840806";1
Distribution of linked "o";"18560112";1
Distribution of linked "o";"18561201";1
Distribution of linked "o";"Q237501";1
Distribution of linked "o";"13160514";1
Distribution of linked "o";"13781129";1
Distribution of linked "o";"19900924";1
Distribution of linked "o";"18270405";1
Distribution of linked "o";"19041122";1
Distribution of linked "o";"20001117";1
Distribution of linked "o";"19021117";1
Distribution of linked "o";"19870201";1
Distribution of linked "o";"19741105";1
Distribution of linked "o";"18190813";1
Distribution of linked "o";"19030201";1
Distribution of linked "o";"18110908";1
Distribution of linked "o";"17410922";1
Distribution of linked "o";"15900713";1
Distribution of linked "o";"16760722";1
Distribution of linked "o";"19120801";1
Distribution of linked "o";"18690512";1
Distribution of linked "o";"17230331";1
Distribution of linked "o";"17660114";1
Distribution of linked "o";"19501128";1
Distribution of linked "o";"18290226";1
Distribution of linked "o";"19020926";1
Distribution of linked "o";"18440521";1
Distribution of linked "o";"19100902";1
Distribution of linked "o";"19940207";1
Distribution of linked "o";"19110625";1
Distribution of linked "o";"18720712";1
Distribution of linked "o";"19280705";1
Distribution of linked "o";"20130607";1
Distribution of linked "o";"19960120";1
Distribution of linked "o";"19691129";1
Distribution of linked "o";"19530124";1
Distribution of linked "o";"19381102";1
Distribution of linked "o";"Q3892810";1
Distribution of linked "o";"19080822";1
Distribution of linked "o";"20040803";1
Distribution of linked "o";"20040802";1
Distribution of linked "o";"15491101";1
Distribution of linked "o";"15801026";1
Distribution of linked "o";"17760310";1
Distribution of linked "o";"18100719";1
Distribution of linked "o";"18251202";1
Distribution of linked "o";"18911205";1
Distribution of linked "o";"Q40572";1
Distribution of linked "o";"19800909";1
Distribution of linked "o";"18530519";1
Distribution of linked "o";"19380601";1
Distribution of linked "o";"18710518";1
Distribution of linked "o";"18830901";1
Distribution of linked "o";"19200409";1
Distribution of linked "o";"18820419";1
Distribution of linked "o";"19540824";1
Distribution of linked "o";"18650923";1
Distribution of linked "o";"19380407";1
Distribution of linked "o";"18020206";1
Distribution of linked "o";"18751019";1
Distribution of linked "o";"19261225";1
Distribution of linked "o";"18790831";1
Distribution of linked "o";"14820327";1
Distribution of linked "o";"14570213";1
Distribution of linked "o";"Q157092";1
Distribution of linked "o";"15581018";1
Distribution of linked "o";"15050915";1
Distribution of linked "o";"08300101";1
Distribution of linked "o";"08800922";1
Distribution of linked "o";"16330908";1
Distribution of linked "o";"16540709";1
Distribution of linked "o";"20000706";1
Distribution of linked "o";"19230322";1
Distribution of linked "o";"19011010";1
Distribution of linked "o";"19660111";1
Distribution of linked "o";"20000603";1
Distribution of linked "o";"19320306";1
Distribution of linked "o";"20080713";1
Distribution of linked "o";"19531130";1
Distribution of linked "o";"18790122";1
Distribution of linked "o";"19860531";1
Distribution of linked "o";"Q534006";1
Distribution of linked "o";"19710530";1
Distribution of linked "o";"19230510";1
Distribution of linked "o";"20031213";1
Distribution of linked "o";"12410328";1
Distribution of linked "o";"Q22815192";1
Distribution of linked "o";"19490314";1
Distribution of linked "o";"Q240430";1
Distribution of linked "o";"Q1032915";1
Distribution of linked "o";"19550119";1
Distribution of linked "o";"15070114";1
Distribution of linked "o";"15780212";1
Distribution of linked "o";"19270718";1
Distribution of linked "o";"20151219";1
Distribution of linked "o";"19250626";1
Distribution of linked "o";"-12020101";1
Distribution of linked "o";"19341124";1
Distribution of linked "o";"19980803";1
Distribution of linked "o";"15980409";1
Distribution of linked "o";"16620223";1
Distribution of linked "o";"20120206";1
Distribution of linked "o";"19680225";1
Distribution of linked "o";"Q560163";1
Distribution of linked "o";"19550614";1
Distribution of linked "o";"18970610";1
Distribution of linked "o";"19520503";1
Distribution of linked "o";"17121212";1
Distribution of linked "o";"17800704";1
Distribution of linked "o";"16331201";1
Distribution of linked "o";"15660812";1
Distribution of linked "o";"Q78500";1
Distribution of linked "o";"18600812";1
Distribution of linked "o";"Q827768";1
Distribution of linked "o";"19430114";1
Distribution of linked "o";"19290304";1
Distribution of linked "o";"12981212";1
Distribution of linked "o";"13580816";1
Distribution of linked "o";"19860410";1
Distribution of linked "o";"19010810";1
Distribution of linked "o";"19970717";1
Distribution of linked "o";"19340314";1
Distribution of linked "o";"09160727";1
Distribution of linked "o";"08400000";1
Distribution of linked "o";"Q7460032";1
Distribution of linked "o";"19690423";1
Distribution of linked "o";"19290122";1
Distribution of linked "o";"20071024";1
Distribution of linked "o";"19860522";1
Distribution of linked "o";"17700510";1
Distribution of linked "o";"18230601";1
Distribution of linked "o";"19870508";1
Distribution of linked "o";"Q3587934";1
Distribution of linked "o";"18080513";1
Distribution of linked "o";"18931016";1
Distribution of linked "o";"18931017";1
Distribution of linked "o";"19101023";1
Distribution of linked "o";"18630928";1
Distribution of linked "o";"19080201";1
Distribution of linked "o";"19820718";1
Distribution of linked "o";"19860217";1
Distribution of linked "o";"19601109";1
Distribution of linked "o";"19690607";1
Distribution of linked "o";"18951013";1
Distribution of linked "o";"19660914";1
Distribution of linked "o";"18601227";1
Distribution of linked "o";"18601226";1
Distribution of linked "o";"19370526";1
Distribution of linked "o";"04080501";1
Distribution of linked "o";"03770101";1
Distribution of linked "o";"19220224";1
Distribution of linked "o";"19380625";1
Distribution of linked "o";"19840301";1
Distribution of linked "o";"19430828";1
Distribution of linked "o";"16170404";1
Distribution of linked "o";"Q29574";1
Distribution of linked "o";"19341012";1
Distribution of linked "o";"15250106";1
Distribution of linked "o";"16020925";1
Distribution of linked "o";"19510418";1
Distribution of linked "o";"19050121";1
Distribution of linked "o";"19571023";1
Distribution of linked "o";"03840909";1
Distribution of linked "o";"04230815";1
Distribution of linked "o";"19590301";1
Distribution of linked "o";"-01200101";1
Distribution of linked "o";"19361217";1
Distribution of linked "o";"19470227";1
Distribution of linked "o";"17890806";1
Distribution of linked "o";"18461130";1
Distribution of linked "o";"18260705";1
Distribution of linked "o";"17540926";1
Distribution of linked "o";"15460704";1
Distribution of linked "o";"15950116";1
Distribution of linked "o";"19171220";1
Distribution of linked "o";"18800216";1
Distribution of linked "o";"18871024";1
Distribution of linked "o";"19690415";1
Distribution of linked "o";"18840808";1
Distribution of linked "o";"19111005";1
Distribution of linked "o";"20001219";1
Distribution of linked "o";"17950816";1
Distribution of linked "o";"18611214";1
Distribution of linked "o";"18930113";1
Distribution of linked "o";"19030925";1
Distribution of linked "o";"19700225";1
Distribution of linked "o";"17431201";1
Distribution of linked "o";"19030206";1
Distribution of linked "o";"19910609";1
Distribution of linked "o";"17151023";1
Distribution of linked "o";"17300130";1
Distribution of linked "o";"Q439950";1
Distribution of linked "o";"18390708";1
Distribution of linked "o";"19370523";1
Distribution of linked "o";"18890617";1
Distribution of linked "o";"Q4919438";1
Distribution of linked "o";"20121015";1
Distribution of linked "o";"20121014";1
Distribution of linked "o";"19251222";1
Distribution of linked "o";"20100918";1
Distribution of linked "o";"10800101";1
Distribution of linked "o";"11340606";1
Distribution of linked "o";"19810126";1
Distribution of linked "o";"07200101";1
Distribution of linked "o";"07990101";1
Distribution of linked "o";"19800904";1
Distribution of linked "o";"19440126";1
Distribution of linked "o";"08720101";1
Distribution of linked "o";"09510117";1
Distribution of linked "o";"18840719";1
Distribution of linked "o";"19540306";1
Distribution of linked "o";"17540202";1
Distribution of linked "o";"17540213";1
Distribution of linked "o";"18380517";1
Distribution of linked "o";"03100000";1
Distribution of linked "o";"Q23779664";1
Distribution of linked "o";"19131102";1
Distribution of linked "o";"19941020";1
Distribution of linked "o";"16920726";1
Distribution of linked "o";"17711203";1
Distribution of linked "o";"18530407";1
Distribution of linked "o";"18840328";1
Distribution of linked "o";"18050319";1
Distribution of linked "o";"18870206";1
Distribution of linked "o";"07391107";1
Distribution of linked "o";"06580101";1
Distribution of linked "o";"18220108";1
Distribution of linked "o";"19490516";1
Distribution of linked "o";"17270514";1
Distribution of linked "o";"17850822";1
Distribution of linked "o";"19901019";1
Distribution of linked "o";"19490823";1
Distribution of linked "o";"18841230";1
Distribution of linked "o";"18840730";1
Distribution of linked "o";"19481223";1
Distribution of linked "o";"18561106";1
Distribution of linked "o";"05360424";1
Distribution of linked "o";"19381012";1
Distribution of linked "o";"18761012";1
Distribution of linked "o";"17711106";1
Distribution of linked "o";"18340226";1
Distribution of linked "o";"19660921";1
Distribution of linked "o";"19780911";1
Distribution of linked "o";"19730911";1
Distribution of linked "o";"14340918";1
Distribution of linked "o";"14670903";1
Distribution of linked "o";"18581022";1
Distribution of linked "o";"19210411";1
Distribution of linked "o";"16180914";1
Distribution of linked "o";"16801130";1
Distribution of linked "o";"14920725";1
Distribution of linked "o";"14321130";1
Distribution of linked "o";"18510823";1
Distribution of linked "o";"19300312";1
Distribution of linked "o";"Q15056839";1
Distribution of linked "o";"19860731";1
Distribution of linked "o";"17240000";1
Distribution of linked "o";"17730000";1
Distribution of linked "o";"19250702";1
Distribution of linked "o";"19000621";1
Distribution of linked "o";"19940101";1
Distribution of linked "o";"19100704";1
Distribution of linked "o";"19091023";1
Distribution of linked "o";"19580321";1
Distribution of linked "o";"19781125";1
Distribution of linked "o";"17940116";1
Distribution of linked "o";"17370427";1
Distribution of linked "o";"17370508";1
Distribution of linked "o";"20071227";1
Distribution of linked "o";"19300323";1
Distribution of linked "o";"00100000";1
Distribution of linked "o";"00750000";1
Distribution of linked "o";"19111130";1
Distribution of linked "o";"19761018";1
Distribution of linked "o";"19680130";1
Distribution of linked "o";"-25800101";1
Distribution of linked "o";"19770717";1
Distribution of linked "o";"Q682460";1
Distribution of linked "o";"Q3916584";1
Distribution of linked "o";"19801209";1
Distribution of linked "o";"Q275979";1
Distribution of linked "o";"19071128";1
Distribution of linked "o";"Q19577206";1
Distribution of linked "o";"Q846946";1
Distribution of linked "o";"19880915";1
Distribution of linked "o";"19410628";1
Distribution of linked "o";"Q1023202";1
Distribution of linked "o";"20140105";1
Distribution of linked "o";"19310807";1
Distribution of linked "o";"18811231";1
Distribution of linked "o";"19550629";1
Distribution of linked "o";"19691107";1
Distribution of linked "o";"19540614";1
Distribution of linked "o";"18910709";1
Distribution of linked "o";"18960320";1
Distribution of linked "o";"18080603";1
Distribution of linked "o";"18070603";1
Distribution of linked "o";"18891206";1
Distribution of linked "o";"15371012";1
Distribution of linked "o";"15540212";1
Distribution of linked "o";"19851007";1
Distribution of linked "o";"Q205314";1
Distribution of linked "o";"19250603";1
Distribution of linked "o";"20100929";1
Distribution of linked "o";"18660606";1
Distribution of linked "o";"19420923";1
Distribution of linked "o";"19690615";1
Distribution of linked "o";"19400225";1
Distribution of linked "o";"Q1379510";1
Distribution of linked "o";"18931008";1
Distribution of linked "o";"Q494835";1
Distribution of linked "o";"19520810";1
Distribution of linked "o";"04181228";1
Distribution of linked "o";"19330126";1
Distribution of linked "o";"19551222";1
Distribution of linked "o";"19500131";1
Distribution of linked "o";"19100131";1
Distribution of linked "o";"19920815";1
Distribution of linked "o";"17820723";1
Distribution of linked "o";"18460427";1
Distribution of linked "o";"19190221";1
Distribution of linked "o";"19720906";1
Distribution of linked "o";"19200516";1
Distribution of linked "o";"20031125";1
Distribution of linked "o";"19280911";1
Distribution of linked "o";"19201116";1
Distribution of linked "o";"19650731";1
Distribution of linked "o";"18830731";1
Distribution of linked "o";"19650705";1
Distribution of linked "o";"19720326";1
Distribution of linked "o";"14851216";1
Distribution of linked "o";"15360107";1
Distribution of linked "o";"19480305";1
Distribution of linked "o";"19560306";1
Distribution of linked "o";"19310325";1
Distribution of linked "o";"19881223";1
Distribution of linked "o";"18850327";1
Distribution of linked "o";"19520708";1
Distribution of linked "o";"18361116";1
Distribution of linked "o";"18910120";1
Distribution of linked "o";"12420212";1
Distribution of linked "o";"19810404";1
Distribution of linked "o";"18790411";1
Distribution of linked "o";"19640512";1
Distribution of linked "o";"19311110";1
Distribution of linked "o";"19960912";1
Distribution of linked "o";"19630502";1
Distribution of linked "o";"19600308";1
Distribution of linked "o";"20080131";1
Distribution of linked "o";"19340000";1
Distribution of linked "o";"Q43432";1
Distribution of linked "o";"19890204";1
Distribution of linked "o";"20150923";1
Distribution of linked "o";"14570202";1
Distribution of linked "o";"15261000";1
Distribution of linked "o";"15851128";1
Distribution of linked "o";"19100213";1
Distribution of linked "o";"15311019";1
Distribution of linked "o";"19450920";1
Distribution of linked "o";"19510530";1
Distribution of linked "o";"19540528";1
Distribution of linked "o";"16471111";1
Distribution of linked "o";"17230512";1
Distribution of linked "o";"19290529";1
Distribution of linked "o";"19830701";1
Distribution of linked "o";"18621212";1
Distribution of linked "o";"18230927";1
Distribution of linked "o";"19561013";1
Distribution of linked "o";"19631230";1
Distribution of linked "o";"15330920";1
Distribution of linked "o";"14480101";1
Distribution of linked "o";"19070318";1
Distribution of linked "o";"20040817";1
Distribution of linked "o";"Q233852";1
Distribution of linked "o";"19160315";1
Distribution of linked "o";"19830705";1
Distribution of linked "o";"19801118";1
Distribution of linked "o";"19350122";1
Distribution of linked "o";"Q271923";1
Distribution of linked "o";"19830211";1
Distribution of linked "o";"15210110";1
Distribution of linked "o";"18330530";1
Distribution of linked "o";"18060326";1
Distribution of linked "o";"19430831";1
Distribution of linked "o";"18331112";1
Distribution of linked "o";"18870227";1
Distribution of linked "o";"17980806";1
Distribution of linked "o";"18590329";1
Distribution of linked "o";"19400930";1
Distribution of linked "o";"16880521";1
Distribution of linked "o";"17440530";1
Distribution of linked "o";"16250423";1
Distribution of linked "o";"15671114";1
Distribution of linked "o";"Q191084";1
Distribution of linked "o";"19640825";1
Distribution of linked "o";"13000000";1
Distribution of linked "o";"19030217";1
Distribution of linked "o";"19860106";1
Distribution of linked "o";"19310527";1
Distribution of linked "o";"19591130";1
Distribution of linked "o";"18630221";1
Distribution of linked "o";"19300501";1
Distribution of linked "o";"19321205";1
Distribution of linked "o";"20160101";1
Distribution of linked "o";"19251022";1
Distribution of linked "o";"20080513";1
Distribution of linked "o";"18281009";1
Distribution of linked "o";"19720515";1
Distribution of linked "o";"19610107";1
Distribution of linked "o";"19800529";1
Distribution of linked "o";"17420420";1
Distribution of linked "o";"18191029";1
Distribution of linked "o";"18651208";1
Distribution of linked "o";"19631017";1
Distribution of linked "o";"19230902";1
Distribution of linked "o";"20021025";1
Distribution of linked "o";"18701020";1
Distribution of linked "o";"19500217";1
Distribution of linked "o";"Q104081";1
Distribution of linked "o";"19221224";1
Distribution of linked "o";"19900125";1
Distribution of linked "o";"Q57507";1
Distribution of linked "o";"18761125";1
Distribution of linked "o";"19360302";1
Distribution of linked "o";"19890627";1
Distribution of linked "o";"19460522";1
Distribution of linked "o";"20051125";1
Distribution of linked "o";"18050427";1
Distribution of linked "o";"18651104";1
Distribution of linked "o";"19840118";1
Distribution of linked "o";"19590923";1
Distribution of linked "o";"19210919";1
Distribution of linked "o";"19990502";1
Distribution of linked "o";"14520921";1
Distribution of linked "o";"14980523";1
Distribution of linked "o";"19740627";1
Distribution of linked "o";"20050109";1
Distribution of linked "o";"12660226";1
Distribution of linked "o";"19640407";1
Distribution of linked "o";"18080205";1
Distribution of linked "o";"18850923";1
Distribution of linked "o";"19220525";1
Distribution of linked "o";"Q73996";1
Distribution of linked "o";"19870415";1
Distribution of linked "o";"19790427";1
Distribution of linked "o";"19171020";1
Distribution of linked "o";"20130227";1
Distribution of linked "o";"19230405";1
Distribution of linked "o";"19950720";1
Distribution of linked "o";"19880601";1
Distribution of linked "o";"19640401";1
Distribution of linked "o";"18870202";1
Distribution of linked "o";"19680107";1
Distribution of linked "o";"19000204";1
Distribution of linked "o";"19000104";1
Distribution of linked "o";"19770411";1
Distribution of linked "o";"18860924";1
Distribution of linked "o";"19240719";1
Distribution of linked "o";"20090103";1
Distribution of linked "o";"11870905";1
Distribution of linked "o";"12261108";1
Distribution of linked "o";"Q820739";1
Distribution of linked "o";"19500702";1
Distribution of linked "o";"18180920";1
Distribution of linked "o";"18901107";1
Distribution of linked "o";"15580111";1
Distribution of linked "o";"15580201";1
Distribution of linked "o";"19890429";1
Distribution of linked "o";"19131215";1
Distribution of linked "o";"19701013";1
Distribution of linked "o";"17091002";1
Distribution of linked "o";"16390320";1
Distribution of linked "o";"19801027";1
Distribution of linked "o";"Q3735082";1
Distribution of linked "o";"19750627";1
Distribution of linked "o";"17070225";1
Distribution of linked "o";"17930206";1
Distribution of linked "o";"17930207";1
Distribution of linked "o";"18070119";1
Distribution of linked "o";"18701012";1
Distribution of linked "o";"13341212";1
Distribution of linked "o";"12440101";1
Distribution of linked "o";"Q3589745";1
Distribution of linked "o";"19940206";1
Distribution of linked "o";"19940802";1
Distribution of linked "o";"19500627";1
Distribution of linked "o";"20030417";1
Distribution of linked "o";"19810808";1
Distribution of linked "o";"19310201";1
Distribution of linked "o";"20121210";1
Distribution of linked "o";"19060816";1
Distribution of linked "o";"19891113";1
Distribution of linked "o";"19090306";1
Distribution of linked "o";"19660507";1
Distribution of linked "o";"19530502";1
Distribution of linked "o";"18900107";1
Distribution of linked "o";"19831207";1
Distribution of linked "o";"18570202";1
Distribution of linked "o";"17940303";1
Distribution of linked "o";"18711216";1
Distribution of linked "o";"19590612";1
Distribution of linked "o";"18770722";1
Distribution of linked "o";"19631222";1
Distribution of linked "o";"19710920";1
Distribution of linked "o";"20020826";1
Distribution of linked "o";"19910422";1
Distribution of linked "o";"19610320";1
Distribution of linked "o";"16950101";1
Distribution of linked "o";"19840209";1
Distribution of linked "o";"18930815";1
Distribution of linked "o";"19750209";1
Distribution of linked "o";"Q3788039";1
Distribution of linked "o";"19781014";1
Distribution of linked "o";"19470805";1
Distribution of linked "o";"19601211";1
Distribution of linked "o";"19220303";1
Distribution of linked "o";"20020214";1
Distribution of linked "o";"12580117";1
Distribution of linked "o";"16020714";1
Distribution of linked "o";"16610309";1
Distribution of linked "o";"19110511";1
Distribution of linked "o";"20081013";1
Distribution of linked "o";"18750628";1
Distribution of linked "o";"19180522";1
Distribution of linked "o";"19760717";1
Distribution of linked "o";"Q136433";1
Distribution of linked "o";"19790705";1
Distribution of linked "o";"19521216";1
Distribution of linked "o";"18831227";1
Distribution of linked "o";"19891121";1
Distribution of linked "o";"19130418";1
Distribution of linked "o";"19790628";1
Distribution of linked "o";"19880906";1
Distribution of linked "o";"19740822";1
Distribution of linked "o";"19901201";1
Distribution of linked "o";"16880410";1
Distribution of linked "o";"16191105";1
Distribution of linked "o";"19180603";1
Distribution of linked "o";"20090308";1
Distribution of linked "o";"19801001";1
Distribution of linked "o";"19700315";1
Distribution of linked "o";"19100429";1
Distribution of linked "o";"19670731";1
Distribution of linked "o";"19570827";1
Distribution of linked "o";"19610114";1
Distribution of linked "o";"Q483152";1
Distribution of linked "o";"19790418";1
Distribution of linked "o";"19780416";1
Distribution of linked "o";"19301127";1
Distribution of linked "o";"19580829";1
Distribution of linked "o";"17770723";1
Distribution of linked "o";"18101202";1
Distribution of linked "o";"18410115";1
Distribution of linked "o";"19220208";1
Distribution of linked "o";"12530101";1
Distribution of linked "o";"12970101";1
Distribution of linked "o";"15470914";1
Distribution of linked "o";"16190513";1
Distribution of linked "o";"18310415";1
Distribution of linked "o";"19070716";1
Distribution of linked "o";"15951113";1
Distribution of linked "o";"15951103";1
Distribution of linked "o";"16401201";1
Distribution of linked "o";"17771226";1
Distribution of linked "o";"18480616";1
Distribution of linked "o";"12731011";1
Distribution of linked "o";"19850724";1
Distribution of linked "o";"18080621";1
Distribution of linked "o";"18941203";1
Distribution of linked "o";"19600929";1
Distribution of linked "o";"19701128";1
Distribution of linked "o";"19550810";1
Distribution of linked "o";"19540305";1
Distribution of linked "o";"19710505";1
Distribution of linked "o";"08440125";1
Distribution of linked "o";"19840317";1
Distribution of linked "o";"19430526";1
Distribution of linked "o";"19590116";1
Distribution of linked "o";"19620214";1
Distribution of linked "o";"Q283808";1
Distribution of linked "o";"Q635654";1
Distribution of linked "o";"19890529";1
Distribution of linked "o";"Q2539734";1
Distribution of linked "o";"19600117";1
Distribution of linked "o";"18510920";1
Distribution of linked "o";"08970101";1
Distribution of linked "o";"13280728";1
Distribution of linked "o";"13101014";1
Distribution of linked "o";"-11000101";1
Distribution of linked "o";"-10000101";1
Distribution of linked "o";"19890427";1
Distribution of linked "o";"18760414";1
Distribution of linked "o";"19211116";1
Distribution of linked "o";"16750711";1
Distribution of linked "o";"17560701";1
Distribution of linked "o";"19330425";1
Distribution of linked "o";"20160608";1
Distribution of linked "o";"18210518";1
Distribution of linked "o";"18970509";1
Distribution of linked "o";"19570826";1
Distribution of linked "o";"19930130";1
Distribution of linked "o";"17980624";1
Distribution of linked "o";"19280301";1
Distribution of linked "o";"20160129";1
Distribution of linked "o";"19311004";1
Distribution of linked "o";"19731220";1
Distribution of linked "o";"20140309";1
Distribution of linked "o";"19490814";1
Distribution of linked "o";"19430304";1
Distribution of linked "o";"20120301";1
Distribution of linked "o";"19800615";1
Distribution of linked "o";"Q15410544";1
Distribution of linked "o";"20131223";1
Distribution of linked "o";"17010101";1
Distribution of linked "o";"16660826";1
Distribution of linked "o";"15820000";1
Distribution of linked "o";"19821215";1
Distribution of linked "o";"19670618";1
Distribution of linked "o";"17900225";1
Distribution of linked "o";"18531103";1
Distribution of linked "o";"12900831";1
Distribution of linked "o";"12500101";1
Distribution of linked "o";"13790000";1
Distribution of linked "o";"13380121";1
Distribution of linked "o";"13800916";1
Distribution of linked "o";"19230721";1
Distribution of linked "o";"19280606";1
Distribution of linked "o";"07210101";1
Distribution of linked "o";"08150101";1
Distribution of linked "o";"17990815";1
Distribution of linked "o";"18440505";1
Distribution of linked "o";"18840526";1
Distribution of linked "o";"19130330";1
Distribution of linked "o";"20120314";1
Distribution of linked "o";"19341101";1
Distribution of linked "o";"20160411";1
Distribution of linked "o";"17201225";1
Distribution of linked "o";"19870504";1
Distribution of linked "o";"10700101";1
Distribution of linked "o";"11120101";1
Distribution of linked "o";"17430125";1
Distribution of linked "o";"18190310";1
Distribution of linked "o";"18110427";1
Distribution of linked "o";"18950825";1
Distribution of linked "o";"19640308";1
Distribution of linked "o";"19811215";1
Distribution of linked "o";"19980524";1
Distribution of linked "o";"19291227";1
Distribution of linked "o";"19490619";1
Distribution of linked "o";"Q216131";1
Distribution of linked "o";"Q1136967";1
Distribution of linked "o";"19790727";1
Distribution of linked "o";"19810812";1
Distribution of linked "o";"Q4859356";1
Distribution of linked "o";"19851205";1
Distribution of linked "o";"19700604";1
Distribution of linked "o";"19290410";1
Distribution of linked "o";"19590122";1
Distribution of linked "o";"Q431115";1
Distribution of linked "o";"19321129";1
Distribution of linked "o";"20140519";1
Distribution of linked "o";"19771012";1
Distribution of linked "o";"Q3524506";1
Distribution of linked "o";"18970123";1
Distribution of linked "o";"19450818";1
Distribution of linked "o";"19110705";1
Distribution of linked "o";"19740402";1
Distribution of linked "o";"19441028";1
Distribution of linked "o";"19860619";1
Distribution of linked "o";"19891026";1
Distribution of linked "o";"Q15731799";1
Distribution of linked "o";"18760105";1
Distribution of linked "o";"19670419";1
Distribution of linked "o";"19270416";1
Distribution of linked "o";"18970204";1
Distribution of linked "o";"Q98885";1
Distribution of linked "o";"Q68743";1
Distribution of linked "o";"19300403";1
Distribution of linked "o";"Q15979428";1
Distribution of linked "o";"19400124";1
Distribution of linked "o";"Q77960";1
Distribution of linked "o";"Q674911";1
Distribution of linked "o";"20150131";1
Distribution of linked "o";"18990723";1
Distribution of linked "o";"19760707";1
Distribution of linked "o";"19140709";1
Distribution of linked "o";"19990413";1
Distribution of linked "o";"18471002";1
Distribution of linked "o";"19340802";1
Distribution of linked "o";"18590127";1
Distribution of linked "o";"19410604";1
Distribution of linked "o";"Q1292492";1
Distribution of linked "o";"19540830";1
Distribution of linked "o";"17180604";1
Distribution of linked "o";"19290215";1
Distribution of linked "o";"19751129";1
Distribution of linked "o";"18481226";1
Distribution of linked "o";"19000729";1
Distribution of linked "o";"19620305";1
Distribution of linked "o";"19201009";1
Distribution of linked "o";"18280928";1
Distribution of linked "o";"18641007";1
Distribution of linked "o";"-02150101";1
Distribution of linked "o";"-01730000";1
Distribution of linked "o";"-01640101";1
Distribution of linked "o";"-01620000";1
Distribution of linked "o";"17411004";1
Distribution of linked "o";"18250916";1
Distribution of linked "o";"19301024";1
Distribution of linked "o";"19410613";1
Distribution of linked "o";"19681206";1
Distribution of linked "o";"19630327";1
Distribution of linked "o";"19240220";1
Distribution of linked "o";"19710710";1
Distribution of linked "o";"19241024";1
Distribution of linked "o";"19060511";1
Distribution of linked "o";"-11500101";1
Distribution of linked "o";"-11070101";1
Distribution of linked "o";"18540417";1
Distribution of linked "o";"19180401";1
Distribution of linked "o";"Q24605465";1
Distribution of linked "o";"19730212";1
Distribution of linked "o";"Q10326570";1
Distribution of linked "o";"19120714";1
Distribution of linked "o";"19671003";1
Distribution of linked "o";"-11440101";1
Distribution of linked "o";"18971003";1
Distribution of linked "o";"19821224";1
Distribution of linked "o";"19430925";1
Distribution of linked "o";"19550621";1
Distribution of linked "o";"09890101";1
Distribution of linked "o";"10340101";1
Distribution of linked "o";"Q19867936";1
Distribution of linked "o";"19751213";1
Distribution of linked "o";"19190403";1
Distribution of linked "o";"19430626";1
Distribution of linked "o";"12030000";1
Distribution of linked "o";"-03200000";1
Distribution of linked "o";"10850101";1
Distribution of linked "o";"12200000";1
Distribution of linked "o";"18860515";1
Distribution of linked "o";"14460524";1
Distribution of linked "o";"19890310";1
Distribution of linked "o";"Q503706";1
Distribution of linked "o";"19761129";1
Distribution of linked "o";"Q1100946";1
Distribution of linked "o";"19470312";1
Distribution of linked "o";"12000000";1
Distribution of linked "o";"19251111";1
Distribution of linked "o";"20130411";1
Distribution of linked "o";"19790526";1
Distribution of linked "o";"14530513";1
Distribution of linked "o";"14880501";1
Distribution of linked "o";"19601124";1
Distribution of linked "o";"18620822";1
Distribution of linked "o";"19180325";1
Distribution of linked "o";"19180326";1
Distribution of linked "o";"15220731";1
Distribution of linked "o";"15510624";1
Distribution of linked "o";"Q198034";1
Distribution of linked "o";"19850405";1
Distribution of linked "o";"18771024";1
Distribution of linked "o";"18991022";1
Distribution of linked "o";"19930807";1
Distribution of linked "o";"17991223";1
Distribution of linked "o";"18520623";1
Distribution of linked "o";"18520718";1
Distribution of linked "o";"19370930";1
Distribution of linked "o";"18540604";1
Distribution of linked "o";"Q2312334";1
Distribution of linked "o";"19890522";1
Distribution of linked "o";"18860428";1
Distribution of linked "o";"19871208";1
Distribution of linked "o";"19760712";1
Distribution of linked "o";"19880214";1
Distribution of linked "o";"16341224";1
Distribution of linked "o";"16940418";1
Distribution of linked "o";"18490415";1
Distribution of linked "o";"19131213";1
Distribution of linked "o";"Q2939610";1
Distribution of linked "o";"19700425";1
Distribution of linked "o";"Q22097538";1
Distribution of linked "o";"18190801";1
Distribution of linked "o";"18910928";1
Distribution of linked "o";"19330625";1
Distribution of linked "o";"12340209";1
Distribution of linked "o";"11190228";1
Distribution of linked "o";"11500109";1
Distribution of linked "o";"11220224";1
Distribution of linked "o";"11611215";1
Distribution of linked "o";"19860317";1
Distribution of linked "o";"12020000";1
Distribution of linked "o";"17861017";1
Distribution of linked "o";"17861010";1
Distribution of linked "o";"18680315";1
Distribution of linked "o";"10950101";1
Distribution of linked "o";"18441230";1
Distribution of linked "o";"17690303";1
Distribution of linked "o";"19530513";1
Distribution of linked "o";"19360730";1
Distribution of linked "o";"20100817";1
Distribution of linked "o";"19320714";1
Distribution of linked "o";"10711022";1
Distribution of linked "o";"11270210";1
Distribution of linked "o";"19510802";1
Distribution of linked "o";"12220000";1
Distribution of linked "o";"12190000";1
Distribution of linked "o";"11800000";1
Distribution of linked "o";"Q256531";1
Distribution of linked "o";"20160110";1
Distribution of linked "o";"17600616";1
Distribution of linked "o";"17600430";1
Distribution of linked "o";"18360927";1
Distribution of linked "o";"17070101";1
Distribution of linked "o";"17110000";1
Distribution of linked "o";"15310131";1
Distribution of linked "o";"14860716";1
Distribution of linked "o";"14710530";1
Distribution of linked "o";"15280416";1
Distribution of linked "o";"18530330";1
Distribution of linked "o";"18900729";1
Distribution of linked "o";"17601031";1
Distribution of linked "o";"19890308";1
Distribution of linked "o";"10590101";1
Distribution of linked "o";"11270101";1
Distribution of linked "o";"12190101";1
Distribution of linked "o";"12270101";1
Distribution of linked "o";"14550227";1
Distribution of linked "o";"07560101";1
Distribution of linked "o";"08140101";1
Distribution of linked "o";"18050402";1
Distribution of linked "o";"16941128";1
Distribution of linked "o";"16941012";1
Distribution of linked "o";"18560424";1
Distribution of linked "o";"19510723";1
Distribution of linked "o";"Q21518925";1
Distribution of linked "o";"18090115";1
Distribution of linked "o";"18650119";1
Distribution of linked "o";"14011230";1
Distribution of linked "o";"Q710752";1
Distribution of linked "o";"18931226";1
Distribution of linked "o";"19850813";1
Distribution of linked "o";"00530000";1
Distribution of linked "o";"19860426";1
Distribution of linked "o";"19290308";1
Distribution of linked "o";"20120929";1
Distribution of linked "o";"19710616";1
Distribution of linked "o";"19960914";1
Distribution of linked "o";"19421120";1
Distribution of linked "o";"19840212";1
Distribution of linked "o";"19900722";1
Distribution of linked "o";"18130505";1
Distribution of linked "o";"18551111";1
Distribution of linked "o";"19110709";1
Distribution of linked "o";"19681117";1
Distribution of linked "o";"17120628";1
Distribution of linked "o";"17780702";1
Distribution of linked "o";"19271016";1
Distribution of linked "o";"18320106";1
Distribution of linked "o";"18830123";1
Distribution of linked "o";"19080115";1
Distribution of linked "o";"20030909";1
Distribution of linked "o";"19530612";1
Distribution of linked "o";"14500000";1
Distribution of linked "o";"15231026";1
Distribution of linked "o";"17231208";1
Distribution of linked "o";"Q37463";1
Distribution of linked "o";"18671107";1
Distribution of linked "o";"19340704";1
Distribution of linked "o";"19860414";1
Distribution of linked "o";"-02060000";1
Distribution of linked "o";"-00940101";1
Distribution of linked "o";"-04970101";1
Distribution of linked "o";"-04060101";1
Distribution of linked "o";"-04050101";1
Distribution of linked "o";"-00270101";1
Distribution of linked "o";"-00010101";1
Distribution of linked "o";"19101107";1
Distribution of linked "o";"18280828";1
Distribution of linked "o";"19351121";1
Distribution of linked "o";"00250101";1
Distribution of linked "o";"00880101";1
Distribution of linked "o";"00570101";1
Distribution of linked "o";"01060101";1
Distribution of linked "o";"00790101";1
Distribution of linked "o";"19741207";1
Distribution of linked "o";"01430101";1
Distribution of linked "o";"01450215";1
Distribution of linked "o";"01760101";1
Distribution of linked "o";"01900101";1
Distribution of linked "o";"Q3290593";1
Distribution of linked "o";"18131010";1
Distribution of linked "o";"15570901";1
Distribution of linked "o";"14911231";1
Distribution of linked "o";"Q7337";1
Distribution of linked "o";"19800819";1
Distribution of linked "o";"19260216";1
Distribution of linked "o";"19260923";1
Distribution of linked "o";"19670717";1
Distribution of linked "o";"03070108";1
Distribution of linked "o";"18990813";1
Distribution of linked "o";"19800429";1
Distribution of linked "o";"03180207";1
Distribution of linked "o";"03230103";1
Distribution of linked "o";"02760101";1
Distribution of linked "o";"03210101";1
Distribution of linked "o";"03420726";1
Distribution of linked "o";"03610101";1
Distribution of linked "o";"03430101";1
Distribution of linked "o";"03410101";1
Distribution of linked "o";"03650330";1
Distribution of linked "o";"03720000";1
Distribution of linked "o";"03200000";1
Distribution of linked "o";"Q189400";1
Distribution of linked "o";"19700429";1
Distribution of linked "o";"20000614";1
Distribution of linked "o";"19330601";1
Distribution of linked "o";"19201012";1
Distribution of linked "o";"10610101";1
Distribution of linked "o";"10860821";1
Distribution of linked "o";"19170923";1
Distribution of linked "o";"20061122";1
Distribution of linked "o";"11390101";1
Distribution of linked "o";"11240101";1
Distribution of linked "o";"11930101";1
Distribution of linked "o";"11630101";1
Distribution of linked "o";"Q384156";1
Distribution of linked "o";"19090527";1
Distribution of linked "o";"19970322";1
Distribution of linked "o";"18490525";1
Distribution of linked "o";"19171105";1
Distribution of linked "o";"10480525";1
Distribution of linked "o";"10850401";1
Distribution of linked "o";"19100512";1
Distribution of linked "o";"19940729";1
Distribution of linked "o";"12780515";1
Distribution of linked "o";"12680101";1
Distribution of linked "o";"11920000";1
Distribution of linked "o";"12411211";1
Distribution of linked "o";"11860101";1
Distribution of linked "o";"12090117";1
Distribution of linked "o";"12590818";1
Distribution of linked "o";"19591206";1
Distribution of linked "o";"19540000";1
Distribution of linked "o";"Q4975453";1
Distribution of linked "o";"19180714";1
Distribution of linked "o";"20070730";1
Distribution of linked "o";"19910720";1
Distribution of linked "o";"18710927";1
Distribution of linked "o";"19360815";1
Distribution of linked "o";"19360816";1
Distribution of linked "o";"14530101";1
Distribution of linked "o";"15031127";1
Distribution of linked "o";"15631203";1
Distribution of linked "o";"15721123";1
Distribution of linked "o";"19560512";1
Distribution of linked "o";"Q260663";1
Distribution of linked "o";"15300825";1
Distribution of linked "o";"15840328";1
Distribution of linked "o";"Q263454";1
Distribution of linked "o";"18741130";1
Distribution of linked "o";"19650124";1
Distribution of linked "o";"16460416";1
Distribution of linked "o";"17080511";1
Distribution of linked "o";"16640905";1
Distribution of linked "o";"17361102";1
Distribution of linked "o";"19721026";1
Distribution of linked "o";"18770428";1
Distribution of linked "o";"19480605";1
Distribution of linked "o";"13161115";1
Distribution of linked "o";"13161120";1
Distribution of linked "o";"02740227";1
Distribution of linked "o";"03370523";1
Distribution of linked "o";"15100101";1
Distribution of linked "o";"14780101";1
Distribution of linked "o";"16720609";1
Distribution of linked "o";"17250208";1
Distribution of linked "o";"15370112";1
Distribution of linked "o";"15320600";1
Distribution of linked "o";"13280815";1
Distribution of linked "o";"12931128";1
Distribution of linked "o";"13281114";1
Distribution of linked "o";"Q3323965";1
Distribution of linked "o";"-02870101";1
Distribution of linked "o";"-02120101";1
Distribution of linked "o";"01290000";1
Distribution of linked "o";"02160000";1
Distribution of linked "o";"Q352313";1
Distribution of linked "o";"-00160000";1
Distribution of linked "o";"17890821";1
Distribution of linked "o";"18570523";1
Distribution of linked "o";"19580511";1
Distribution of linked "o";"-00140101";1
Distribution of linked "o";"19850708";1
Distribution of linked "o";"13420101";1
Distribution of linked "o";"13881101";1
Distribution of linked "o";"18540310";1
Distribution of linked "o";"19321010";1
Distribution of linked "o";"18181224";1
Distribution of linked "o";"18891011";1
Distribution of linked "o";"13920101";1
Distribution of linked "o";"07800101";1
Distribution of linked "o";"19800724";1
Distribution of linked "o";"19830425";1
Distribution of linked "o";"19820613";1
Distribution of linked "o";"18870812";1
Distribution of linked "o";"Q6003";1
Distribution of linked "o";"19830129";1
Distribution of linked "o";"19820424";1
Distribution of linked "o";"Q81162";1
Distribution of linked "o";"18981129";1
Distribution of linked "o";"14080101";1
Distribution of linked "o";"14380101";1
Distribution of linked "o";"-06040101";1
Distribution of linked "o";"06000000";1
Distribution of linked "o";"15030111";1
Distribution of linked "o";"15400824";1
Distribution of linked "o";"16320829";1
Distribution of linked "o";"17041028";1
Distribution of linked "o";"-01450101";1
Distribution of linked "o";"-00860101";1
Distribution of linked "o";"19290910";1
Distribution of linked "o";"15880419";1
Distribution of linked "o";"19350505";1
Distribution of linked "o";"Q42034";1
Distribution of linked "o";"06320608";1
Distribution of linked "o";"05710422";1
Distribution of linked "o";"Q18515";1
Distribution of linked "o";"19311015";1
Distribution of linked "o";"20150727";1
Distribution of linked "o";"Q45870";1
Distribution of linked "o";"19651102";1
Distribution of linked "o";"19840716";1
Distribution of linked "o";"14831110";1
Distribution of linked "o";"15460218";1
Distribution of linked "o";"19071127";1
Distribution of linked "o";"20030118";1
Distribution of linked "o";"Q158707";1
Distribution of linked "o";"19130109";1
Distribution of linked "o";"19940422";1
Distribution of linked "o";"Q171367";1
Distribution of linked "o";"19690103";1
Distribution of linked "o";"Q4861603";1
Distribution of linked "o";"19781029";1
Distribution of linked "o";"19260421";1
Distribution of linked "o";"06561126";1
Distribution of linked "o";"07100703";1
Distribution of linked "o";"06620622";1
Distribution of linked "o";"07160713";1
Distribution of linked "o";"06240217";1
Distribution of linked "o";"07051216";1
Distribution of linked "o";"07270109";1
Distribution of linked "o";"07790523";1
Distribution of linked "o";"07610101";1
Distribution of linked "o";"08060211";1
Distribution of linked "o";"08200101";1
Distribution of linked "o";"08240101";1
Distribution of linked "o";"13600502";1
Distribution of linked "o";"14240812";1
Distribution of linked "o";"13780816";1
Distribution of linked "o";"14250529";1
Distribution of linked "o";"13990316";1
Distribution of linked "o";"14350131";1
Distribution of linked "o";"14271129";1
Distribution of linked "o";"14640223";1
Distribution of linked "o";"14700730";1
Distribution of linked "o";"15050608";1
Distribution of linked "o";"14911026";1
Distribution of linked "o";"15210420";1
Distribution of linked "o";"19870114";1
Distribution of linked "o";"16200926";1
Distribution of linked "o";"19830401";1
Distribution of linked "o";"19840309";1
Distribution of linked "o";"19841124";1
Distribution of linked "o";"18781128";1
Distribution of linked "o";"19940121";1
Distribution of linked "o";"19730810";1
Distribution of linked "o";"Q367472";1
Distribution of linked "o";"19810723";1
Distribution of linked "o";"Q1089864";1
Distribution of linked "o";"Q295610";1
Distribution of linked "o";"19770102";1
Distribution of linked "o";"19440106";1
Distribution of linked "o";"19320727";1
Distribution of linked "o";"19711213";1
Distribution of linked "o";"19911002";1
Distribution of linked "o";"19791103";1
Distribution of linked "o";"19850111";1
Distribution of linked "o";"19930210";1
Distribution of linked "o";"19650607";1
Distribution of linked "o";"19930519";1
Distribution of linked "o";"19940124";1
Distribution of linked "o";"19920210";1
Distribution of linked "o";"19750928";1
Distribution of linked "o";"Q6515932";1
Distribution of linked "o";"19820605";1
Distribution of linked "o";"18310224";1
Distribution of linked "o";"18990206";1
Distribution of linked "o";"19791101";1
Distribution of linked "o";"Q7639686";1
Distribution of linked "o";"19870202";1
Distribution of linked "o";"Q2422811";1
Distribution of linked "o";"19890509";1
Distribution of linked "o";"20060422";1
Distribution of linked "o";"18940602";1
Distribution of linked "o";"08580101";1
Distribution of linked "o";"09290101";1
Distribution of linked "o";"19380815";1
Distribution of linked "o";"19360723";1
Distribution of linked "o";"19730806";1
Distribution of linked "o";"18980628";1
Distribution of linked "o";"19620907";1
Distribution of linked "o";"19450608";1
Distribution of linked "o";"07870810";1
Distribution of linked "o";"08860309";1
Distribution of linked "o";"19250412";1
Distribution of linked "o";"19330423";1
Distribution of linked "o";"20110625";1
Distribution of linked "o";"19450722";1
Distribution of linked "o";"19600326";1
Distribution of linked "o";"15910101";1
Distribution of linked "o";"20111014";1
Distribution of linked "o";"Q7407";1
Distribution of linked "o";"Q551743";1
Distribution of linked "o";"19690614";1
Distribution of linked "o";"19491226";1
Distribution of linked "o";"19811015";1
Distribution of linked "o";"19400724";1
Distribution of linked "o";"20051207";1
Distribution of linked "o";"19540520";1
Distribution of linked "o";"Q3510804";1
Distribution of linked "o";"18810905";1
Distribution of linked "o";"19380704";1
Distribution of linked "o";"19591221";1
Distribution of linked "o";"17430413";1
Distribution of linked "o";"17430402";1
Distribution of linked "o";"18260704";1
Distribution of linked "o";"17580428";1
Distribution of linked "o";"18310704";1
Distribution of linked "o";"17821205";1
Distribution of linked "o";"18620724";1
Distribution of linked "o";"17221222";1
Distribution of linked "o";"17880710";1
Distribution of linked "o";"Q268099";1
Distribution of linked "o";"19360929";1
Distribution of linked "o";"17900329";1
Distribution of linked "o";"18620118";1
Distribution of linked "o";"17951102";1
Distribution of linked "o";"18490615";1
Distribution of linked "o";"Q21401575";1
Distribution of linked "o";"19550118";1
Distribution of linked "o";"19760926";1
Distribution of linked "o";"19850806";1
Distribution of linked "o";"18921004";1
Distribution of linked "o";"19680404";1
Distribution of linked "o";"19130510";1
Distribution of linked "o";"19601230";1
Distribution of linked "o";"19930913";1
Distribution of linked "o";"17910423";1
Distribution of linked "o";"18680601";1
Distribution of linked "o";"19861016";1
Distribution of linked "o";"19680517";1
Distribution of linked "o";"18911006";1
Distribution of linked "o";"19760223";1
Distribution of linked "o";"19440827";1
Distribution of linked "o";"19150715";1
Distribution of linked "o";"18910113";1
Distribution of linked "o";"19670318";1
Distribution of linked "o";"19241106";1
Distribution of linked "o";"20060911";1
Distribution of linked "o";"19810219";1
Distribution of linked "o";"19410329";1
Distribution of linked "o";"19561004";1
Distribution of linked "o";"14520310";1
Distribution of linked "o";"15160125";1
Distribution of linked "o";"01070101";1
Distribution of linked "o";"19410406";1
Distribution of linked "o";"20050915";1
Distribution of linked "o";"19380718";1
Distribution of linked "o";"19330906";1
Distribution of linked "o";"20160326";1
Distribution of linked "o";"19281117";1
Distribution of linked "o";"19961220";1
Distribution of linked "o";"19451008";1
Distribution of linked "o";"19740418";1
Distribution of linked "o";"19481218";1
Distribution of linked "o";"19541012";1
Distribution of linked "o";"19470307";1
Distribution of linked "o";"19610307";1
Distribution of linked "o";"19500531";1
Distribution of linked "o";"17901216";1
Distribution of linked "o";"18651210";1
Distribution of linked "o";"19011103";1
Distribution of linked "o";"19830925";1
Distribution of linked "o";"18750408";1
Distribution of linked "o";"19340217";1
Distribution of linked "o";"19040129";1
Distribution of linked "o";"19050606";1
Distribution of linked "o";"19770422";1
Distribution of linked "o";"19800106";1
Distribution of linked "o";"19800626";1
Distribution of linked "o";"Q522283";1
Distribution of linked "o";"19900805";1
Distribution of linked "o";"19860805";1
Distribution of linked "o";"19861128";1
Distribution of linked "o";"19990327";1
Distribution of linked "o";"18750110";1
Distribution of linked "o";"19361003";1
Distribution of linked "o";"18820118";1
Distribution of linked "o";"19510103";1
Distribution of linked "o";"19100104";1
Distribution of linked "o";"19650602";1
Distribution of linked "o";"19600812";1
Distribution of linked "o";"20100831";1
Distribution of linked "o";"19631105";1
Distribution of linked "o";"17670105";1
Distribution of linked "o";"18321115";1
Distribution of linked "o";"Q5413089";1
Distribution of linked "o";"19860326";1
Distribution of linked "o";"19840727";1
Distribution of linked "o";"19760317";1
Distribution of linked "o";"18920327";1
Distribution of linked "o";"19670804";1
Distribution of linked "o";"Q4241812";1
Distribution of linked "o";"19890602";1
Distribution of linked "o";"18230203";1
Distribution of linked "o";"18870819";1
Distribution of linked "o";"Q20967560";1
Distribution of linked "o";"17381115";1
Distribution of linked "o";"18220825";1
Distribution of linked "o";"18220815";1
Distribution of linked "o";"18220821";1
Distribution of linked "o";"16250608";1
Distribution of linked "o";"17120914";1
Distribution of linked "o";"06700101";1
Distribution of linked "o";"17421206";1
Distribution of linked "o";"18661026";1
Distribution of linked "o";"19361031";1
Distribution of linked "o";"Q105817";1
Distribution of linked "o";"19900430";1
Distribution of linked "o";"17300626";1
Distribution of linked "o";"18170412";1
Distribution of linked "o";"19810226";1
Distribution of linked "o";"07370101";1
Distribution of linked "o";"06900101";1
Distribution of linked "o";"19681205";1
Distribution of linked "o";"19791213";1
Distribution of linked "o";"19560313";1
Distribution of linked "o";"19151103";1
Distribution of linked "o";"19491130";1
Distribution of linked "o";"19400105";1
Distribution of linked "o";"19640419";1
Distribution of linked "o";"19561007";1
Distribution of linked "o";"18771225";1
Distribution of linked "o";"19361206";1
Distribution of linked "o";"19050405";1
Distribution of linked "o";"19840731";1
Distribution of linked "o";"10150715";1
Distribution of linked "o";"09580101";1
Distribution of linked "o";"18671227";1
Distribution of linked "o";"19291015";1
Distribution of linked "o";"18710608";1
Distribution of linked "o";"19611022";1
Distribution of linked "o";"19050401";1
Distribution of linked "o";"Q4120744";1
Distribution of linked "o";"19441007";1
Distribution of linked "o";"19670912";1
Distribution of linked "o";"19291020";1
Distribution of linked "o";"18560521";1
Distribution of linked "o";"18010324";1
Distribution of linked "o";"17541001";1
Distribution of linked "o";"Q20891912";1
Distribution of linked "o";"18760711";1
Distribution of linked "o";"19660129";1
Distribution of linked "o";"16820301";1
Distribution of linked "o";"17550425";1
Distribution of linked "o";"17660607";1
Distribution of linked "o";"18360405";1
Distribution of linked "o";"18050705";1
Distribution of linked "o";"18670627";1
Distribution of linked "o";"17950129";1
Distribution of linked "o";"18220915";1
Distribution of linked "o";"19830508";1
Distribution of linked "o";"19800726";1
Distribution of linked "o";"Q4776261";1
Distribution of linked "o";"19670506";1
Distribution of linked "o";"19810117";1
Distribution of linked "o";"19131015";1
Distribution of linked "o";"19941228";1
Distribution of linked "o";"20000625";1
Distribution of linked "o";"Q1094306";1
Distribution of linked "o";"12350000";1
Distribution of linked "o";"11750000";1
Distribution of linked "o";"Q519966";1
Distribution of linked "o";"19530525";1
Distribution of linked "o";"18351027";1
Distribution of linked "o";"18691018";1
Distribution of linked "o";"19201020";1
Distribution of linked "o";"Q186304";1
Distribution of linked "o";"18710708";1
Distribution of linked "o";"19440925";1
Distribution of linked "o";"19230629";1
Distribution of linked "o";"17550210";1
Distribution of linked "o";"16890118";1
Distribution of linked "o";"19321208";1
Distribution of linked "o";"19220220";1
Distribution of linked "o";"20121206";1
Distribution of linked "o";"19310610";1
Distribution of linked "o";"20020605";1
Distribution of linked "o";"19691118";1
Distribution of linked "o";"19121228";1
Distribution of linked "o";"19340427";1
Distribution of linked "o";"19531116";1
Distribution of linked "o";"19420918";1
Distribution of linked "o";"19380102";1
Distribution of linked "o";"23050713";1
Distribution of linked "o";"20090517";1
Distribution of linked "o";"19090326";1
Distribution of linked "o";"19920710";1
Distribution of linked "o";"18640825";1
Distribution of linked "o";"19331104";1
Distribution of linked "o";"19460106";1
Distribution of linked "o";"Q1130195";1
Distribution of linked "o";"19401127";1
Distribution of linked "o";"19730720";1
Distribution of linked "o";"19740808";1
Distribution of linked "o";"19640611";1
Distribution of linked "o";"20090810";1
Distribution of linked "o";"19191208";1
Distribution of linked "o";"20010815";1
Distribution of linked "o";"19510106";1
Distribution of linked "o";"Q717483";1
Distribution of linked "o";"19260817";1
Distribution of linked "o";"19420915";1
Distribution of linked "o";"Q9194014";1
Distribution of linked "o";"19610927";1
Distribution of linked "o";"19361113";1
Distribution of linked "o";"20101003";1
Distribution of linked "o";"18640810";1
Distribution of linked "o";"19120923";1
Distribution of linked "o";"19601213";1
Distribution of linked "o";"18781231";1
Distribution of linked "o";"18090119";1
Distribution of linked "o";"18491007";1
Distribution of linked "o";"19090701";1
Distribution of linked "o";"19940530";1
Distribution of linked "o";"20150103";1
Distribution of linked "o";"19570727";1
Distribution of linked "o";"18490113";1
Distribution of linked "o";"19031102";1
Distribution of linked "o";"19820426";1
Distribution of linked "o";"19740802";1
Distribution of linked "o";"19270109";1
Distribution of linked "o";"19110927";1
Distribution of linked "o";"00380000";1
Distribution of linked "o";"18980305";1
Distribution of linked "o";"18970305";1
Distribution of linked "o";"20031023";1
Distribution of linked "o";"19780413";1
Distribution of linked "o";"Q14100";1
Distribution of linked "o";"19031228";1
Distribution of linked "o";"19570208";1
Distribution of linked "o";"19950420";1
Distribution of linked "o";"19210212";1
Distribution of linked "o";"20060420";1
Distribution of linked "o";"18050419";1
Distribution of linked "o";"18830623";1
Distribution of linked "o";"02580810";1
Distribution of linked "o";"02250101";1
Distribution of linked "o";"-06400000";1
Distribution of linked "o";"-05700000";1
Distribution of linked "o";"17731215";1
Distribution of linked "o";"16940101";1
Distribution of linked "o";"18820725";1
Distribution of linked "o";"19490522";1
Distribution of linked "o";"18020626";1
Distribution of linked "o";"18830707";1
Distribution of linked "o";"19040407";1
Distribution of linked "o";"19801002";1
Distribution of linked "o";"18760305";1
Distribution of linked "o";"19630304";1
Distribution of linked "o";"19580716";1
Distribution of linked "o";"18510826";1
Distribution of linked "o";"19170920";1
Distribution of linked "o";"18750427";1
Distribution of linked "o";"19600714";1
Distribution of linked "o";"18571130";1
Distribution of linked "o";"19501112";1
Distribution of linked "o";"18840125";1
Distribution of linked "o";"19700505";1
Distribution of linked "o";"18751127";1
Distribution of linked "o";"19421216";1
Distribution of linked "o";"19761228";1
Distribution of linked "o";"Q79983";1
Distribution of linked "o";"Q44980";1
Distribution of linked "o";"Q7381780";1
Distribution of linked "o";"19741223";1
Distribution of linked "o";"19850715";1
Distribution of linked "o";"18900430";1
Distribution of linked "o";"19970621";1
Distribution of linked "o";"19331226";1
Distribution of linked "o";"18751124";1
Distribution of linked "o";"18751111";1
Distribution of linked "o";"18230608";1
Distribution of linked "o";"19771020";1
Distribution of linked "o";"19701009";1
Distribution of linked "o";"19691217";1
Distribution of linked "o";"19680519";1
Distribution of linked "o";"19550111";1
Distribution of linked "o";"12340101";1
Distribution of linked "o";"19910907";1
Distribution of linked "o";"16080101";1
Distribution of linked "o";"16510827";1
Distribution of linked "o";"Q5299159";1
Distribution of linked "o";"19800817";1
Distribution of linked "o";"15610101";1
Distribution of linked "o";"Q238036";1
Distribution of linked "o";"19050516";1
Distribution of linked "o";"19820812";1
Distribution of linked "o";"18871226";1
Distribution of linked "o";"19660131";1
Distribution of linked "o";"16600605";1
Distribution of linked "o";"17441018";1
Distribution of linked "o";"10051116";1
Distribution of linked "o";"Q18523";1
Distribution of linked "o";"19830311";1
Distribution of linked "o";"Q16208883";1
Distribution of linked "o";"19781007";1
Distribution of linked "o";"19760320";1
Distribution of linked "o";"19740531";1
Distribution of linked "o";"19331017";1
Distribution of linked "o";"-17900101";1
Distribution of linked "o";"13611121";1
Distribution of linked "o";"13460805";1
Distribution of linked "o";"05310101";1
Distribution of linked "o";"19870110";1
Distribution of linked "o";"19880629";1
Distribution of linked "o";"18891004";1
Distribution of linked "o";"19760329";1
Distribution of linked "o";"19120215";1
Distribution of linked "o";"19870830";1
Distribution of linked "o";"19910909";1
Distribution of linked "o";"Q3034957";1
Distribution of linked "o";"20140528";1
Distribution of linked "o";"19280404";1
Distribution of linked "o";"19861126";1
Distribution of linked "o";"18550331";1
Distribution of linked "o";"19310521";1
Distribution of linked "o";"Q3133593";1
Distribution of linked "o";"20111005";1
Distribution of linked "o";"Q156548";1
Distribution of linked "o";"19380105";1
Distribution of linked "o";"18471112";1
Distribution of linked "o";"19210609";1
Distribution of linked "o";"18010727";1
Distribution of linked "o";"18920102";1
Distribution of linked "o";"19421107";1
Distribution of linked "o";"Q7212474";1
Distribution of linked "o";"19280729";1
Distribution of linked "o";"19280214";1
Distribution of linked "o";"20120814";1
Distribution of linked "o";"17990101";1
Distribution of linked "o";"19010000";1
Distribution of linked "o";"17670708";1
Distribution of linked "o";"18030828";1
Distribution of linked "o";"18791209";1
Distribution of linked "o";"19161027";1
Distribution of linked "o";"19920318";1
Distribution of linked "o";"19771218";1
Distribution of linked "o";"19830420";1
Distribution of linked "o";"18840000";1
Distribution of linked "o";"19140000";1
Distribution of linked "o";"19040301";1
Distribution of linked "o";"19790117";1
Distribution of linked "o";"18321215";1
Distribution of linked "o";"19231227";1
Distribution of linked "o";"18811108";1
Distribution of linked "o";"19571206";1
Distribution of linked "o";"19050704";1
Distribution of linked "o";"19920715";1
Distribution of linked "o";"19740304";1
Distribution of linked "o";"19810719";1
Distribution of linked "o";"19930803";1
Distribution of linked "o";"19240301";1
Distribution of linked "o";"18991008";1
Distribution of linked "o";"19850613";1
Distribution of linked "o";"20010122";1
Distribution of linked "o";"19151123";1
Distribution of linked "o";"19690814";1
Distribution of linked "o";"18801014";1
Distribution of linked "o";"19450218";1
Distribution of linked "o";"Q2499132";1
Distribution of linked "o";"17330603";1
Distribution of linked "o";"18211116";1
Distribution of linked "o";"19130803";1
Distribution of linked "o";"19510902";1
Distribution of linked "o";"19470221";1
Distribution of linked "o";"Q8248297";1
Distribution of linked "o";"15680101";1
Distribution of linked "o";"19931108";1
Distribution of linked "o";"19470308";1
Distribution of linked "o";"20110906";1
Distribution of linked "o";"Q11093843";1
Distribution of linked "o";"19361019";1
Distribution of linked "o";"Q38842";1
Distribution of linked "o";"Q834328";1
Distribution of linked "o";"19600522";1
Distribution of linked "o";"18830415";1
Distribution of linked "o";"19670825";1
Distribution of linked "o";"19000329";1
Distribution of linked "o";"19840831";1
Distribution of linked "o";"19761207";1
Distribution of linked "o";"19500223";1
Distribution of linked "o";"Q18533927";1
Distribution of linked "o";"Q92004";1
Distribution of linked "o";"19210105";1
Distribution of linked "o";"19901214";1
Distribution of linked "o";"19610625";1
Distribution of linked "o";"Q5107817";1
Distribution of linked "o";"19950331";1
Distribution of linked "o";"20110907";1
Distribution of linked "o";"Q219353";1
Distribution of linked "o";"19241001";1
Distribution of linked "o";"19450217";1
Distribution of linked "o";"19601028";1
Distribution of linked "o";"18500129";1
Distribution of linked "o";"19280501";1
Distribution of linked "o";"18911215";1
Distribution of linked "o";"19680909";1
Distribution of linked "o";"19680919";1
Distribution of linked "o";"19060306";1
Distribution of linked "o";"19590303";1
Distribution of linked "o";"19400129";1
Distribution of linked "o";"19030312";1
Distribution of linked "o";"19890511";1
Distribution of linked "o";"19940303";1
Distribution of linked "o";"19551028";1
Distribution of linked "o";"19791110";1
Distribution of linked "o";"19821210";1
Distribution of linked "o";"20150206";1
Distribution of linked "o";"19581009";1
Distribution of linked "o";"19410402";1
Distribution of linked "o";"19210831";1
Distribution of linked "o";"19860515";1
Distribution of linked "o";"16381202";1
Distribution of linked "o";"18810507";1
Distribution of linked "o";"19390414";1
Distribution of linked "o";"19190411";1
Distribution of linked "o";"18340219";1
Distribution of linked "o";"19080118";1
Distribution of linked "o";"18580514";1
Distribution of linked "o";"18920321";1
Distribution of linked "o";"17291127";1
Distribution of linked "o";"17650210";1
Distribution of linked "o";"19850910";1
Distribution of linked "o";"19810602";1
Distribution of linked "o";"19870726";1
Distribution of linked "o";"Q223527";1
Distribution of linked "o";"19910413";1
Distribution of linked "o";"16690307";1
Distribution of linked "o";"17421107";1
Distribution of linked "o";"19390215";1
Distribution of linked "o";"19080914";1
Distribution of linked "o";"19480914";1
Distribution of linked "o";"18780303";1
Distribution of linked "o";"Q824850";1
Distribution of linked "o";"19900526";1
Distribution of linked "o";"19310425";1
Distribution of linked "o";"19950511";1
Distribution of linked "o";"18470418";1
Distribution of linked "o";"17950303";1
Distribution of linked "o";"Q468663";1
Distribution of linked "o";"12280924";1
Distribution of linked "o";"19851119";1
Distribution of linked "o";"19560426";1
Distribution of linked "o";"17381130";1
Distribution of linked "o";"17860720";1
Distribution of linked "o";"19930419";1
Distribution of linked "o";"18630730";1
Distribution of linked "o";"19400120";1
Distribution of linked "o";"19860419";1
Distribution of linked "o";"Q42745";1
Distribution of linked "o";"19150506";1
Distribution of linked "o";"19851010";1
Distribution of linked "o";"19650726";1
Distribution of linked "o";"19260503";1
Distribution of linked "o";"20100819";1
Distribution of linked "o";"19370220";1
Distribution of linked "o";"20121025";1
Distribution of linked "o";"19061205";1
Distribution of linked "o";"19161129";1
Distribution of linked "o";"17950619";1
Distribution of linked "o";"19751113";1
Distribution of linked "o";"Q255335";1
Distribution of linked "o";"19391027";1
Distribution of linked "o";"20121012";1
Distribution of linked "o";"08110412";1
Distribution of linked "o";"08351127";1
Distribution of linked "o";"19881109";1
Distribution of linked "o";"19220505";1
Distribution of linked "o";"19590726";1
Distribution of linked "o";"19450323";1
Distribution of linked "o";"19641130";1
Distribution of linked "o";"15630101";1
Distribution of linked "o";"19700730";1
Distribution of linked "o";"16300719";1
Distribution of linked "o";"18570126";1
Distribution of linked "o";"18750425";1
Distribution of linked "o";"18160329";1
Distribution of linked "o";"Q161337";1
Distribution of linked "o";"19851208";1
Distribution of linked "o";"19780823";1
Distribution of linked "o";"Q204862";1
Distribution of linked "o";"19711127";1
Distribution of linked "o";"19690601";1
Distribution of linked "o";"18960319";1
Distribution of linked "o";"19190112";1
Distribution of linked "o";"20081005";1
Distribution of linked "o";"19420620";1
Distribution of linked "o";"17820704";1
Distribution of linked "o";"18441005";1
Distribution of linked "o";"19671028";1
Distribution of linked "o";"17650723";1
Distribution of linked "o";"18020302";1
Distribution of linked "o";"17880513";1
Distribution of linked "o";"18610514";1
Distribution of linked "o";"Q221653";1
Distribution of linked "o";"19840123";1
Distribution of linked "o";"19701229";1
Distribution of linked "o";"Q91223";1
Distribution of linked "o";"18991227";1
Distribution of linked "o";"19640418";1
Distribution of linked "o";"19720828";1
Distribution of linked "o";"19720728";1
Distribution of linked "o";"19760208";1
Distribution of linked "o";"19650913";1
Distribution of linked "o";"18830618";1
Distribution of linked "o";"19270908";1
Distribution of linked "o";"19861125";1
Distribution of linked "o";"19741219";1
Distribution of linked "o";"18770702";1
Distribution of linked "o";"19620809";1
Distribution of linked "o";"18471211";1
Distribution of linked "o";"19231126";1
Distribution of linked "o";"Q2341799";1
Distribution of linked "o";"19631203";1
Distribution of linked "o";"19520203";1
Distribution of linked "o";"Q3046497";1
Distribution of linked "o";"19880405";1
Distribution of linked "o";"18701225";1
Distribution of linked "o";"19080309";1
Distribution of linked "o";"19820311";1
Distribution of linked "o";"Q152555";1
Distribution of linked "o";"19890815";1
Distribution of linked "o";"Q1276685";1
Distribution of linked "o";"19880623";1
Distribution of linked "o";"19830712";1
Distribution of linked "o";"19710917";1
Distribution of linked "o";"19541101";1
Distribution of linked "o";"19710518";1
Distribution of linked "o";"19621021";1
Distribution of linked "o";"19680504";1
Distribution of linked "o";"18760901";1
Distribution of linked "o";"19300320";1
Distribution of linked "o";"19850301";1
Distribution of linked "o";"19820429";1
Distribution of linked "o";"19790804";1
Distribution of linked "o";"19610415";1
Distribution of linked "o";"19690510";1
Distribution of linked "o";"19980128";1
Distribution of linked "o";"10400228";1
Distribution of linked "o";"11050713";1
Distribution of linked "o";"13900000";1
Distribution of linked "o";"01820101";1
Distribution of linked "o";"Q26262291";1
Distribution of linked "o";"17320105";1
Distribution of linked "o";"19800618";1
Distribution of linked "o";"19420922";1
Distribution of linked "o";"19820210";1
Distribution of linked "o";"Q234058";1
Distribution of linked "o";"19441117";1
Distribution of linked "o";"19311226";1
Distribution of linked "o";"18511210";1
Distribution of linked "o";"18660528";1
Distribution of linked "o";"19240403";1
Distribution of linked "o";"18960517";1
Distribution of linked "o";"16750712";1
Distribution of linked "o";"17420712";1
Distribution of linked "o";"18931221";1
Distribution of linked "o";"19580429";1
Distribution of linked "o";"19620609";1
Distribution of linked "o";"06890101";1
Distribution of linked "o";"Q3737210";1
Distribution of linked "o";"Q3152852";1
Distribution of linked "o";"Q923154";1
Distribution of linked "o";"19790616";1
Distribution of linked "o";"19590615";1
Distribution of linked "o";"19651127";1
Distribution of linked "o";"19651117";1
Distribution of linked "o";"19400810";1
Distribution of linked "o";"19840110";1
Distribution of linked "o";"Q815943";1
Distribution of linked "o";"19890513";1
Distribution of linked "o";"19870317";1
Distribution of linked "o";"19781010";1
Distribution of linked "o";"19880725";1
Distribution of linked "o";"Q950835";1
Distribution of linked "o";"19790608";1
Distribution of linked "o";"19820314";1
Distribution of linked "o";"19880818";1
Distribution of linked "o";"19800911";1
Distribution of linked "o";"19861008";1
Distribution of linked "o";"18860927";1
Distribution of linked "o";"19340923";1
Distribution of linked "o";"19860323";1
Distribution of linked "o";"Q3076574";1
Distribution of linked "o";"19900624";1
Distribution of linked "o";"18460716";1
Distribution of linked "o";"19080814";1
Distribution of linked "o";"19620531";1
Distribution of linked "o";"19730321";1
Distribution of linked "o";"19560701";1
Distribution of linked "o";"19830119";1
Distribution of linked "o";"19760617";1
Distribution of linked "o";"19160522";1
Distribution of linked "o";"19800221";1
Distribution of linked "o";"19511218";1
Distribution of linked "o";"19630413";1
Distribution of linked "o";"-06500101";1
Distribution of linked "o";"-06000000";1
Distribution of linked "o";"19260818";1
Distribution of linked "o";"20020624";1
Distribution of linked "o";"19441004";1
Distribution of linked "o";"19510326";1
Distribution of linked "o";"19780818";1
Distribution of linked "o";"18281221";1
Distribution of linked "o";"19051123";1
Distribution of linked "o";"19740417";1
Distribution of linked "o";"19170520";1
Distribution of linked "o";"19980327";1
Distribution of linked "o";"18550108";1
Distribution of linked "o";"19260531";1
Distribution of linked "o";"19921226";1
Distribution of linked "o";"19390109";1
Distribution of linked "o";"18660216";1
Distribution of linked "o";"04900000";1
Distribution of linked "o";"18600112";1
Distribution of linked "o";"19020812";1
Distribution of linked "o";"19800314";1
Distribution of linked "o";"17290418";1
Distribution of linked "o";"18080923";1
Distribution of linked "o";"13340101";1
Distribution of linked "o";"19700124";1
Distribution of linked "o";"Q241587";1
Distribution of linked "o";"19810928";1
Distribution of linked "o";"18540222";1
Distribution of linked "o";"19500921";1
Distribution of linked "o";"15570421";1
Distribution of linked "o";"08950101";1
Distribution of linked "o";"09620101";1
Distribution of linked "o";"19971111";1
Distribution of linked "o";"19270728";1
Distribution of linked "o";"15070117";1
Distribution of linked "o";"16980103";1
Distribution of linked "o";"17820412";1
Distribution of linked "o";"19581229";1
Distribution of linked "o";"19531101";1
Distribution of linked "o";"19571105";1
Distribution of linked "o";"18851120";1
Distribution of linked "o";"20010703";1
Distribution of linked "o";"19810728";1
Distribution of linked "o";"17940925";1
Distribution of linked "o";"17300527";1
Distribution of linked "o";"20120925";1
Distribution of linked "o";"19690322";1
Distribution of linked "o";"19490303";1
Distribution of linked "o";"19501109";1
Distribution of linked "o";"19871022";1
Distribution of linked "o";"19550522";1
Distribution of linked "o";"19830804";1
Distribution of linked "o";"Q1131189";1
Distribution of linked "o";"19360930";1
Distribution of linked "o";"20071026";1
Distribution of linked "o";"19520620";1
Distribution of linked "o";"19560309";1
Distribution of linked "o";"19580624";1
Distribution of linked "o";"19880309";1
Distribution of linked "o";"Q1149835";1
Distribution of linked "o";"Q663727";1
Distribution of linked "o";"19891007";1
Distribution of linked "o";"Q216913";1
Distribution of linked "o";"19840927";1
Distribution of linked "o";"19711023";1
Distribution of linked "o";"19881105";1
Distribution of linked "o";"10550111";1
Distribution of linked "o";"18421217";1
Distribution of linked "o";"18990218";1
Distribution of linked "o";"19910603";1
Distribution of linked "o";"19910923";1
Distribution of linked "o";"Q1396558";1
Distribution of linked "o";"19561103";1
Distribution of linked "o";"Q142539";1
Distribution of linked "o";"Q95";1
Distribution of linked "o";"20030203";1
Distribution of linked "o";"19180614";1
Distribution of linked "o";"19370911";1
Distribution of linked "o";"18970910";1
Distribution of linked "o";"19760527";1
Distribution of linked "o";"16160725";1
Distribution of linked "o";"19861230";1
Distribution of linked "o";"18191016";1
Distribution of linked "o";"18910114";1
Distribution of linked "o";"17330101";1
Distribution of linked "o";"19100601";1
Distribution of linked "o";"18930926";1
Distribution of linked "o";"19771130";1
Distribution of linked "o";"18361115";1
Distribution of linked "o";"17231219";1
Distribution of linked "o";"17741216";1
Distribution of linked "o";"18910303";1
Distribution of linked "o";"19490520";1
Distribution of linked "o";"Q459933";1
Distribution of linked "o";"19750422";1
Distribution of linked "o";"19711109";1
Distribution of linked "o";"19901001";1
Distribution of linked "o";"Q2391728";1
Distribution of linked "o";"19931024";1
Distribution of linked "o";"18600320";1
Distribution of linked "o";"19280323";1
Distribution of linked "o";"19470113";1
Distribution of linked "o";"19541121";1
Distribution of linked "o";"19011001";1
Distribution of linked "o";"08380101";1
Distribution of linked "o";"17680128";1
Distribution of linked "o";"18360719";1
Distribution of linked "o";"-16040000";1
Distribution of linked "o";"-15590000";1
Distribution of linked "o";"Q1827888";1
Distribution of linked "o";"19920109";1
Distribution of linked "o";"Q4273487";1
Distribution of linked "o";"19920922";1
Distribution of linked "o";"02080101";1
Distribution of linked "o";"19830919";1
Distribution of linked "o";"19880310";1
Distribution of linked "o";"20030703";1
Distribution of linked "o";"19080511";1
Distribution of linked "o";"19241127";1
Distribution of linked "o";"20050917";1
Distribution of linked "o";"19680116";1
Distribution of linked "o";"19851228";1
Distribution of linked "o";"19220206";1
Distribution of linked "o";"19900214";1
Distribution of linked "o";"19920303";1
Distribution of linked "o";"19550521";1
Distribution of linked "o";"17931223";1
Distribution of linked "o";"18630609";1
Distribution of linked "o";"18900207";1
Distribution of linked "o";"19430217";1
Distribution of linked "o";"19840604";1
Distribution of linked "o";"19871206";1
Distribution of linked "o";"19340613";1
Distribution of linked "o";"Q5580181";1
Distribution of linked "o";"19810213";1
Distribution of linked "o";"19510625";1
Distribution of linked "o";"19830704";1
Distribution of linked "o";"Q35332";1
Distribution of linked "o";"19690211";1
Distribution of linked "o";"19371021";1
Distribution of linked "o";"19870228";1
Distribution of linked "o";"19200318";1
Distribution of linked "o";"19970731";1
Distribution of linked "o";"09750000";1
Distribution of linked "o";"10040101";1
Distribution of linked "o";"10381215";1
Distribution of linked "o";"19501027";1
Distribution of linked "o";"19410502";1
Distribution of linked "o";"19700207";1
Distribution of linked "o";"19970712";1
Distribution of linked "o";"19270126";1
Distribution of linked "o";"18130411";1
Distribution of linked "o";"18720307";1
Distribution of linked "o";"19511112";1
Distribution of linked "o";"18110120";1
Distribution of linked "o";"18950826";1
Distribution of linked "o";"09800101";1
Distribution of linked "o";"19891229";1
Distribution of linked "o";"19511004";1
Distribution of linked "o";"Q482562";1
Distribution of linked "o";"08250101";1
Distribution of linked "o";"08810101";1
Distribution of linked "o";"16641101";1
Distribution of linked "o";"17340224";1
Distribution of linked "o";"16521022";1
Distribution of linked "o";"17011008";1
Distribution of linked "o";"19130126";1
Distribution of linked "o";"19900206";1
Distribution of linked "o";"19461018";1
Distribution of linked "o";"16440411";1
Distribution of linked "o";"17240315";1
Distribution of linked "o";"20091118";1
Distribution of linked "o";"19320424";1
Distribution of linked "o";"18791107";1
Distribution of linked "o";"19400821";1
Distribution of linked "o";"Q2404055";1
Distribution of linked "o";"19200602";1
Distribution of linked "o";"20130918";1
Distribution of linked "o";"18791222";1
Distribution of linked "o";"Q708808";1
Distribution of linked "o";"18731005";1
Distribution of linked "o";"Q7145817";1
Distribution of linked "o";"18720518";1
Distribution of linked "o";"19700202";1
Distribution of linked "o";"18740814";1
Distribution of linked "o";"19520228";1
Distribution of linked "o";"07120101";1
Distribution of linked "o";"19200420";1
Distribution of linked "o";"18581027";1
Distribution of linked "o";"19190106";1
Distribution of linked "o";"03311106";1
Distribution of linked "o";"03630626";1
Distribution of linked "o";"Q21279020";1
Distribution of linked "o";"18280208";1
Distribution of linked "o";"19140926";1
Distribution of linked "o";"18870103";1
Distribution of linked "o";"19831013";1
Distribution of linked "o";"19860324";1
Distribution of linked "o";"19910429";1
Distribution of linked "o";"Q6721445";1
Distribution of linked "o";"18470303";1
Distribution of linked "o";"19220802";1
Distribution of linked "o";"19220801";1
Distribution of linked "o";"19880720";1
Distribution of linked "o";"18100510";1
Distribution of linked "o";"18100525";1
Distribution of linked "o";"18850925";1
Distribution of linked "o";"Q2915351";1
Distribution of linked "o";"Q712860";1
Distribution of linked "o";"19720927";1
Distribution of linked "o";"16120812";1
Distribution of linked "o";"19600104";1
Distribution of linked "o";"18541030";1
Distribution of linked "o";"19271209";1
Distribution of linked "o";"19320227";1
Distribution of linked "o";"20110323";1
Distribution of linked "o";"19400629";1
Distribution of linked "o";"20010330";1
Distribution of linked "o";"19740814";1
Distribution of linked "o";"17060117";1
Distribution of linked "o";"17900417";1
Distribution of linked "o";"19370508";1
Distribution of linked "o";"18370318";1
Distribution of linked "o";"19080624";1
Distribution of linked "o";"19810913";1
Distribution of linked "o";"19840303";1
Distribution of linked "o";"19880407";1
Distribution of linked "o";"19750929";1
Distribution of linked "o";"19860919";1
Distribution of linked "o";"Q2421426";1
Distribution of linked "o";"18330820";1
Distribution of linked "o";"19180123";1
Distribution of linked "o";"19990221";1
Distribution of linked "o";"19220628";1
Distribution of linked "o";"18851108";1
Distribution of linked "o";"19141115";1
Distribution of linked "o";"19451102";1
Distribution of linked "o";"Q23035995";1
Distribution of linked "o";"Q178180";1
Distribution of linked "o";"19841104";1
Distribution of linked "o";"Q449658";1
Distribution of linked "o";"19771103";1
Distribution of linked "o";"10370108";1
Distribution of linked "o";"11010824";1
Distribution of linked "o";"Q175571";1
Distribution of linked "o";"19211103";1
Distribution of linked "o";"19211113";1
Distribution of linked "o";"20030830";1
Distribution of linked "o";"Q7922443";1
Distribution of linked "o";"19420117";1
Distribution of linked "o";"20160603";1
Distribution of linked "o";"16611106";1
Distribution of linked "o";"17001101";1
Distribution of linked "o";"19410404";1
Distribution of linked "o";"20121109";1
Distribution of linked "o";"Q20900227";1
Distribution of linked "o";"19840514";1
Distribution of linked "o";"20160402";1
Distribution of linked "o";"19750730";1
Distribution of linked "o";"20060331";1
Distribution of linked "o";"20120106";1
Distribution of linked "o";"19380425";1
Distribution of linked "o";"Q1900";1
Distribution of linked "o";"19840819";1
Distribution of linked "o";"-02470101";1
Distribution of linked "o";"-01830101";1
Distribution of linked "o";"18470830";1
Distribution of linked "o";"19080221";1
Distribution of linked "o";"18280320";1
Distribution of linked "o";"19060523";1
Distribution of linked "o";"10351016";1
Distribution of linked "o";"10160101";1
Distribution of linked "o";"10730101";1
Distribution of linked "o";"11250208";1
Distribution of linked "o";"19360823";1
Distribution of linked "o";"19410923";1
Distribution of linked "o";"18810910";1
Distribution of linked "o";"19640907";1
Distribution of linked "o";"19520901";1
Distribution of linked "o";"20100606";1
Distribution of linked "o";"19821204";1
Distribution of linked "o";"19431001";1
Distribution of linked "o";"19670316";1
Distribution of linked "o";"Q717669";1
Distribution of linked "o";"19540407";1
Distribution of linked "o";"Q434678";1
Distribution of linked "o";"19281001";1
Distribution of linked "o";"19940508";1
Distribution of linked "o";"19200401";1
Distribution of linked "o";"19971224";1
Distribution of linked "o";"Q2028843";1
Distribution of linked "o";"13921218";1
Distribution of linked "o";"14481031";1
Distribution of linked "o";"Q2840961";1
Distribution of linked "o";"18810806";1
Distribution of linked "o";"19550311";1
Distribution of linked "o";"12040208";1
Distribution of linked "o";"13480402";1
Distribution of linked "o";"13850628";1
Distribution of linked "o";"12050319";1
Distribution of linked "o";"18200512";1
Distribution of linked "o";"19490729";1
Distribution of linked "o";"14040208";1
Distribution of linked "o";"14530529";1
Distribution of linked "o";"Q22249541";1
Distribution of linked "o";"18431211";1
Distribution of linked "o";"19100527";1
Distribution of linked "o";"Q4467746";1
Distribution of linked "o";"18031205";1
Distribution of linked "o";"Q605044";1
Distribution of linked "o";"19871015";1
Distribution of linked "o";"19121017";1
Distribution of linked "o";"19780928";1
Distribution of linked "o";"19540508";1
Distribution of linked "o";"Q37079";1
Distribution of linked "o";"19670620";1
Distribution of linked "o";"14661222";1
Distribution of linked "o";"13860101";1
Distribution of linked "o";"19351012";1
Distribution of linked "o";"20070906";1
Distribution of linked "o";"Q164782";1
Distribution of linked "o";"13970515";1
Distribution of linked "o";"14500408";1
Distribution of linked "o";"06560717";1
Distribution of linked "o";"19280205";1
Distribution of linked "o";"18700914";1
Distribution of linked "o";"18620917";1
Distribution of linked "o";"19340102";1
Distribution of linked "o";"15800521";1
Distribution of linked "o";"15150000";1
Distribution of linked "o";"18800627";1
Distribution of linked "o";"19680601";1
Distribution of linked "o";"19610517";1
Distribution of linked "o";"19160308";1
Distribution of linked "o";"Q2161494";1
Distribution of linked "o";"19660710";1
Distribution of linked "o";"19390809";1
Distribution of linked "o";"19631229";1
Distribution of linked "o";"19550304";1
Distribution of linked "o";"20130609";1
Distribution of linked "o";"19620610";1
Distribution of linked "o";"19500716";1
Distribution of linked "o";"19680123";1
Distribution of linked "o";"19770828";1
Distribution of linked "o";"19731211";1
Distribution of linked "o";"19940113";1
Distribution of linked "o";"19390120";1
Distribution of linked "o";"19840907";1
Distribution of linked "o";"19731110";1
Distribution of linked "o";"18911210";1
Distribution of linked "o";"19690616";1
Distribution of linked "o";"19940816";1
Distribution of linked "o";"19681220";1
Distribution of linked "o";"19020227";1
Distribution of linked "o";"19940421";1
Distribution of linked "o";"Q2977143";1
Distribution of linked "o";"19540226";1
Distribution of linked "o";"19900731";1
Distribution of linked "o";"19331014";1
Distribution of linked "o";"19190909";1
Distribution of linked "o";"20081025";1
Distribution of linked "o";"19720325";1
Distribution of linked "o";"19970925";1
Distribution of linked "o";"18950408";1
Distribution of linked "o";"19820108";1
Distribution of linked "o";"19070819";1
Distribution of linked "o";"19860105";1
Distribution of linked "o";"19420503";1
Distribution of linked "o";"-02050101";1
Distribution of linked "o";"-02440101";1
Distribution of linked "o";"05990317";1
Distribution of linked "o";"06610228";1
Distribution of linked "o";"Q134895";1
Distribution of linked "o";"19740428";1
Distribution of linked "o";"17841124";1
Distribution of linked "o";"18171015";1
Distribution of linked "o";"19850721";1
Distribution of linked "o";"19900124";1
Distribution of linked "o";"Q608988";1
Distribution of linked "o";"19860818";1
Distribution of linked "o";"17330219";1
Distribution of linked "o";"17820513";1
Distribution of linked "o";"17820516";1
Distribution of linked "o";"19600426";1
Distribution of linked "o";"Q284287";1
Distribution of linked "o";"19470921";1
Distribution of linked "o";"-07580101";1
Distribution of linked "o";"19261028";1
Distribution of linked "o";"20080505";1
Distribution of linked "o";"-01520101";1
Distribution of linked "o";"-01440101";1
Distribution of linked "o";"15660702";1
Distribution of linked "o";"15031214";1
Distribution of linked "o";"19661028";1
Distribution of linked "o";"19711026";1
Distribution of linked "o";"19670730";1
Distribution of linked "o";"19861010";1
Distribution of linked "o";"19800509";1
Distribution of linked "o";"19430203";1
Distribution of linked "o";"10850000";1
Distribution of linked "o";"19690827";1
Distribution of linked "o";"Q547293";1
Distribution of linked "o";"18521120";1
Distribution of linked "o";"17990203";1
Distribution of linked "o";"19240911";1
Distribution of linked "o";"19130822";1
Distribution of linked "o";"19790201";1
Distribution of linked "o";"-00570101";1
Distribution of linked "o";"-02460101";1
Distribution of linked "o";"-02040101";1
Distribution of linked "o";"19281229";1
Distribution of linked "o";"20150228";1
Distribution of linked "o";"19370812";1
Distribution of linked "o";"18520306";1
Distribution of linked "o";"19180318";1
Distribution of linked "o";"19840128";1
Distribution of linked "o";"19680502";1
Distribution of linked "o";"18820210";1
Distribution of linked "o";"18600602";1
Distribution of linked "o";"19210224";1
Distribution of linked "o";"19500302";1
Distribution of linked "o";"18320123";1
Distribution of linked "o";"18830430";1
Distribution of linked "o";"Q1248485";1
Distribution of linked "o";"19620211";1
Distribution of linked "o";"18920106";1
Distribution of linked "o";"19690518";1
Distribution of linked "o";"Q170899";1
Distribution of linked "o";"00300000";1
Distribution of linked "o";"Q26625";1
Distribution of linked "o";"19690724";1
Distribution of linked "o";"Q17277971";1
Distribution of linked "o";"19471214";1
Distribution of linked "o";"17490517";1
Distribution of linked "o";"18230126";1
Distribution of linked "o";"Q215347";1
Distribution of linked "o";"19191022";1
Distribution of linked "o";"20131117";1
Distribution of linked "o";"-13380101";1
Distribution of linked "o";"-14000101";1
Distribution of linked "o";"19190507";1
Distribution of linked "o";"19520726";1
Distribution of linked "o";"17310424";1
Distribution of linked "o";"Q932660";1
Distribution of linked "o";"Q4412539";1
Distribution of linked "o";"19421117";1
Distribution of linked "o";"-05350000";1
Distribution of linked "o";"-04700000";1
Distribution of linked "o";"19550527";1
Distribution of linked "o";"19460321";1
Distribution of linked "o";"17660906";1
Distribution of linked "o";"18440727";1
Distribution of linked "o";"Q5596491";1
Distribution of linked "o";"19361229";1
Distribution of linked "o";"18631212";1
Distribution of linked "o";"19440123";1
Distribution of linked "o";"Q4412061";1
Distribution of linked "o";"Q26220952";1
Distribution of linked "o";"Q26220958";1
Distribution of linked "o";"19630217";1
Distribution of linked "o";"Q7641073";1
Distribution of linked "o";"19420813";1
Distribution of linked "o";"19490208";1
Distribution of linked "o";"18860327";1
Distribution of linked "o";"19690817";1
Distribution of linked "o";"Q5052545";1
Distribution of linked "o";"17571128";1
Distribution of linked "o";"18270812";1
Distribution of linked "o";"19210904";1
Distribution of linked "o";"19440916";1
Distribution of linked "o";"19340729";1
Distribution of linked "o";"Q7538893";1
Distribution of linked "o";"19610929";1
Distribution of linked "o";"19580226";1
Distribution of linked "o";"18571031";1
Distribution of linked "o";"19860422";1
Distribution of linked "o";"11180815";1
Distribution of linked "o";"10480101";1
Distribution of linked "o";"19590826";1
Distribution of linked "o";"08400119";1
Distribution of linked "o";"08670925";1
Distribution of linked "o";"08291002";1
Distribution of linked "o";"19580000";1
Distribution of linked "o";"08440111";1
Distribution of linked "o";"10340411";1
Distribution of linked "o";"09600101";1
Distribution of linked "o";"10281115";1
Distribution of linked "o";"19740816";1
Distribution of linked "o";"-03971227";1
Distribution of linked "o";"19580318";1
Distribution of linked "o";"19520522";1
Distribution of linked "o";"18830207";1
Distribution of linked "o";"19550207";1
Distribution of linked "o";"19590118";1
Distribution of linked "o";"10420824";1
Distribution of linked "o";"09380101";1
Distribution of linked "o";"09630315";1
Distribution of linked "o";"18770725";1
Distribution of linked "o";"19380811";1
Distribution of linked "o";"19130204";1
Distribution of linked "o";"20051024";1
Distribution of linked "o";"-03600101";1
Distribution of linked "o";"19741228";1
Distribution of linked "o";"Q54897";1
Distribution of linked "o";"19640726";1
Distribution of linked "o";"18591018";1
Distribution of linked "o";"19410104";1
Distribution of linked "o";"19970626";1
Distribution of linked "o";"Q1329368";1
Distribution of linked "o";"-22800101";1
Distribution of linked "o";"19720331";1
Distribution of linked "o";"Q12058921";1
Distribution of linked "o";"19651121";1
Distribution of linked "o";"-06100101";1
Distribution of linked "o";"-06200000";1
Distribution of linked "o";"-06110000";1
Distribution of linked "o";"-05450101";1
Distribution of linked "o";"-05560000";1
Distribution of linked "o";"-05460000";1
Distribution of linked "o";"19230702";1
Distribution of linked "o";"20120201";1
Distribution of linked "o";"19710826";1
